test/testdata/demo/waterlevel_0min.asc
ncols        561
nrows        20
xllcorner    5.000001
yllcorner    52.51555
cellsize     0.000511251697
NODATA_value  -9999
[rows 0 to 19 of 20, columns 232 to 289 of 561]
-0.200 -0.200 -0.200 -0.200 -0.200 -0.200 -0.200 -0.200 -0.200 -0.200 -0.200 -0.200 -0.200 -0.200 -0.200 -0.200 -0.200 -0.200 -0.200 -0.200 -0.200 -0.200 -0.200 -0.200 -0.200 -0.200 -0.200 -0.200 -0.200 -0.200 -0.200 -0.200 -0.200 -0.200 -0.200 -0.200 -0.200 -0.200 -0.200 -0.200 -0.200 -0.200 -0.200 -0.200 -0.200 -0.200 -0.200 -0.200 -0.200 -0.200 -0.200 -0.200 -0.200 -0.200 -0.200 -0.200 -0.200 -0.200
-0.200 -0.200 -0.200 -0.200 -0.200 -0.200 -0.200 -0.200 -0.200 -0.200 -0.200 0.74000000953674316406 -0.5 -0.5 -0.5 -0.5 0.21900008618831634521 -0.200 -0.200 -0.200 -0.200 -0.200 0.019000081345438957214 -0.200 -0.200 -0.200 -0.200 -0.200 -0.200 -0.200 -0.200 -0.200 -0.200 -0.200 -0.200 -0.200 -0.200 -0.200 -0.200 -0.200 -0.200 -0.200 -0.200 -0.200 -0.200 -0.200 -0.200 -0.200 -0.200 -0.200 -0.200 -0.200 -0.200 -0.200 -0.200 -0.200 -0.200 -0.200
0.70299994945526123047 -0.28000000119209289551 -0.15000000596046447754 -0.059999998658895492554 -0.17000000178813934326 -0.13700002431869506836 -0.13700002431869506836 0.029999999329447746277 0 -0.28000000119209289551 -0.12999999523162841797 -0.12999999523162841797 0.56999999284744262695 -0.5 -0.5 -0.5 0.3390000760555267334 0.31900009512901306152 2.2190001010894775391 0.59000003337860107422 0.56900006532669067383 0.56900006532669067383 1.4690001010894775391 0.28000000119209289551 -0.200 -0.200 -0.200 -0.200 -0.200 -0.200 -0.200 -0.200 -0.200 -0.200 -0.200 -0.200 -0.200 -0.200 -0.200 -0.200 -0.200 -0.200 -0.200 -0.200 -0.200 -0.200 -0.200 -0.200 -0.200 -0.200 -0.200 -0.200 -0.200 -0.200 -0.200 -0.200 -0.200 -0.200
0.27000001072883605957 -0.079999998211860656738 -0.070000000298023223877 0.039999999105930328369 -0.21999999880790710449 -0.059999998658895492554 -0.059999998658895492554 -0.039999999105930328369 0.17000000178813934326 0.039999999105930328369 -0.050000000745058059692 0.0090000815689563751221 0.27900007367134094238 0.27900007367134094238 -0.5 -0.5 0.49000000953674316406 0.71000003814697265625 0.50999999046325683594 0.18900008499622344971 0.67999994754791259766 0.67999994754791259766 3.7690000534057617188 0.74000000953674316406 0.34000000357627868652 -0.200 -0.200 -0.200 -0.200 -0.200 -0.200 -0.200 -0.200 -0.200 -0.200 -0.200 -0.200 -0.200 -0.200 -0.200 -0.200 -0.200 -0.200 -0.200 -0.200 -0.200 -0.200 -0.200 -0.200 -0.200 -0.200 -0.200 -0.200 -0.200 -0.200 -0.200 -0.200 -0.200
-0.34999999403953552246 -1.0499999523162841797 -0.17000000178813934326 -0.11700002849102020264 -0.10999999940395355225 3.4229998588562011719 3.4229998588562011719 -0.15700002014636993408 -0.080999918282032012939 -0.23999997973442077637 -0.4999999701976776123 -0.21999999880790710449 -0.070000000298023223877 0.34000000357627868652 0.50999999046325683594 0.44999998807907104492 0.38999998569488525391 0.13900008797645568848 1.0299999713897705078 1.4900000095367431641 1.4900000095367431641 1.4900000095367431641 0.72000002861022949219 0.67999994754791259766 0.03799991309642791748 0.21999999880790710449 0.18000000715255737305 -0.200 -0.200 -0.200 -0.200 -0.200 -0.200 -0.200 -0.200 -0.200 -0.200 -0.200 -0.200 -0.200 -0.200 -0.200 -0.200 -0.200 -0.200 -0.200 -0.200 -0.200 -0.200 -0.200 -0.200 -0.200 -0.200 -0.200 -0.200 -0.200 -0.200 -0.200
-0.40999999642372131348 -0.24700002372264862061 -0.89999997615814208984 -0.80000001192092895508 -0.54000002145767211914 -1.1100000143051147461 -1.1100000143051147461 -1.1870000362396240234 -0.98000001907348632812 -0.97000002861022949219 -1.0199999809265136719 -0.76999998092651367188 7.3790001869201660156 7.3790001869201660156 -1.5599999427795410156 0.40999999642372131348 0.039999999105930328369 6.3990001678466796875 0.76999998092651367188 1.3400000333786010742 1.3600000143051147461 1.3600000143051147461 0.87999999523162841797 0.81000000238418579102 0.38999998569488525391 0.17799991369247436523 0.49000000953674316406 0.99799990653991699219 0.99799990653991699219 -0.200 -0.200 -0.200 -0.200 -0.200 -0.200 -0.200 -0.200 -0.200 -0.200 -0.200 -0.200 -0.200 -0.200 -0.200 -0.200 -0.200 -0.200 -0.200 -0.200 -0.200 -0.200 -0.200 -0.200 -0.200 -0.200 -0.200 -0.200 -0.200
1.6799999475479125977 -0.37999999523162841797 -0.72000002861022949219 -1.0599999427795410156 -1.25 -1.4199999570846557617 -1.4199999570846557617 -0.88999998569488525391 -0.56999999284744262695 -0.69999998807907104492 -0.87000000476837158203 -0.019999999552965164185 -1.5599999427795410156 -1.5599999427795410156 -0.070000000298023223877 0.51999998092651367188 0.18000000715255737305 0.37999999523162841797 1.0900000333786010742 1.099000096321105957 0.73900008201599121094 0.73900008201599121094 0.61000001430511474609 0.55000001192092895508 6.3779997825622558594 -0.0099999997764825820923 0.20799991488456726074 0.97000002861022949219 0.97000002861022949219 -0.200 -0.200 -0.200 -0.200 -0.200 -0.200 -0.200 -0.200 -0.200 -0.200 -0.200 -0.200 -0.200 -0.200 -0.200 -0.200 -0.200 -0.200 -0.200 -0.200 -0.200 -0.200 -0.200 -0.200 -0.200 -0.200 -0.200 -0.200 -0.200
4.83300018310546875 -0.63999998569488525391 -1.2400000095367431641 -0.67000001668930053711 -0.66000002622604370117 -1.4700000286102294922 -1.4700000286102294922 -1.5 -1.379999995231628418 -1.1900000572204589844 -0.49000000953674316406 -1.5599999427795410156 0.14000000059604644775 0.14000000059604644775 0.36000001430511474609 0.13900008797645568848 -0.019999999552965164185 0.41999998688697814941 0.82000005245208740234 0.87000000476837158203 0.64999997615814208984 0.64999997615814208984 0.64999997615814208984 0.67999994754791259766 0.74000000953674316406 0.51799988746643066406 0.25 0.27000001072883605957 0.27000001072883605957 0.20799991488456726074 -0.200 -0.200 -0.200 -0.200 -0.200 -0.200 -0.200 -0.200 -0.200 -0.200 -0.200 -0.200 -0.200 -0.200 -0.200 -0.200 -0.200 -0.200 -0.200 -0.200 -0.200 -0.200 -0.200 -0.200 -0.200 -0.200 -0.200 -0.200
3.8429999351501464844 -0.64999997615814208984 -0.20700003206729888916 -0.92000001668930053711 -1.5399999618530273438 -1.0299999713897705078 -1.0299999713897705078 -1.6100000143051147461 -1.4199999570846557617 -1.4299999475479125977 -1.5700000524520874023 -1.5599999427795410156 -1.5599999427795410156 -1.5599999427795410156 0.14000000059604644775 0.0099999997764825820923 0.25999999046325683594 2.7990000247955322266 0.48000001907348632812 0.20900008082389831543 0.64999997615814208984 0.64999997615814208984 0.64999997615814208984 0.64999997615814208984 0.98799991607666015625 0.14799991250038146973 0.17799991369247436523 0.46000000834465026855 0.46000000834465026855 0.46000000834465026855 0.18999999761581420898 -0.200 -0.200 -0.200 -0.200 -0.200 -0.200 -0.200 -0.200 -0.200 -0.200 -0.200 -0.200 -0.200 -0.200 -0.200 -0.200 -0.200 -0.200 -0.200 -0.200 -0.200 -0.200 -0.200 -0.200 -0.200 -0.200 -0.200
2.5069997310638427734 -1.7699999809265136719 -1.8200000524520874023 -0.44999998807907104492 -0.25999999046325683594 -0.72300016880035400391 -0.72300016880035400391 -0.63999998569488525391 -0.99000000953674316406 -0.95999997854232788086 -0.57999998331069946289 -1.1699999570846557617 16.497999191284179688 16.497999191284179688 -1.5599999427795410156 -0.090000003576278686523 7.4980001449584960938 0.18000000715255737305 0.010000005364418029785 0.10000000894069671631 -0.029999999329447746277 -0.029999999329447746277 -0.090000003576278686523 0.10999999940395355225 0.29000002145767211914 -0.065999917685985565186 -0.079999998211860656738 0.25400006771087646484 0.25400006771087646484 0.30000001192092895508 -1.7000000476837158203 0.059999998658895492554 0.20999999344348907471 0.20000000298023223877 0.019999999552965164185 -0.200 -0.200 -0.200 -0.200 -0.200 -0.200 -0.200 -0.200 -0.200 -0.200 -0.200 -0.200 -0.200 -0.200 -0.200 -0.200 -0.200 -0.200 -0.200 -0.200 -0.200 -0.200 -0.200
2.6099998950958251953 -0.070000000298023223877 -0.83999997377395629883 -0.56999999284744262695 -0.25999999046325683594 -0.25999999046325683594 -0.25 -0.34000000357627868652 -0.72000002861022949219 -1.1100000143051147461 -0.61000001430511474609 -0.68200004100799560547 -0.72000002861022949219 -0.72000002861022949219 -1.5599999427795410156 -0.72000002861022949219 -0.37999999523162841797 -0.64200001955032348633 -1.7000000476837158203 7.1479997634887695312 -0.0099999904632568359375 -0.0099999904632568359375 -1.7000000476837158203 -0.25999999046325683594 -0.34999999403953552246 -0.12999999523162841797 -0.55000001192092895508 -0.070000000298023223877 -0.070000000298023223877 0.094000078737735748291 7.9939999580383300781 -0.32599991559982299805 0.31999999284744262695 12.053999900817871094 9.034000396728515625 0.34999999403953552246 0.34999999403953552246 0.20000000298023223877 -0.200 -0.200 -0.200 -0.200 -0.200 -0.200 -0.200 -0.200 -0.200 -0.200 -0.200 -0.200 -0.200 -0.200 -0.200 -0.200 -0.200 -0.200 -0.200 -0.200
-0.200 -0.070000000298023223877 -1.870000004768371582 -0.5 -0.25999999046325683594 -0.25999999046325683594 -0.65300017595291137695 -0.38999998569488525391 -0.40999999642372131348 -0.43000000715255737305 -0.71200001239776611328 -1.0199999809265136719 -0.68000000715255737305 -0.68000000715255737305 11.267999649047851562 -1.5599999427795410156 -0.49000000953674316406 -0.64999997615814208984 -0.26999998092651367188 -1.7000000476837158203 -1.7000000476837158203 -1.7000000476837158203 -0.21999999880790710449 -0.40000000596046447754 -0.15999999642372131348 -1.7000000476837158203 -1.7000000476837158203 -0.52599990367889404297 -0.52599990367889404297 -1.7000000476837158203 -0.36000001430511474609 -0.10000000149011611938 0.050000004470348358154 0.074000082910060882568 -1.7000000476837158203 -1.7000000476837158203 -1.7000000476837158203 4.4780001640319824219 -0.82199996709823608398 1.2400000095367431641 0.62000000476837158203 1.4800000190734863281 -0.200 -0.200 -0.200 -0.200 -0.200 -0.200 -0.200 -0.200 -0.200 -0.200 -0.200 -0.200 -0.200 -0.200 -0.200 -0.200
2.6700000762939453125 0.059999998658895492554 -1.870000004768371582 -0.41999998688697814941 -0.22999998927116394043 -0.22999998927116394043 -0.21999999880790710449 -1.5700000524520874023 -0.21000000834465026855 -0.41999998688697814941 -0.70999997854232788086 -0.81999999284744262695 -0.85000002384185791016 -0.85000002384185791016 -0.40000000596046447754 -1.5599999427795410156 -0.51200002431869506836 -0.72000002861022949219 -0.42999997735023498535 -0.41999998688697814941 -0.41999998688697814941 -0.28000000119209289551 -0.47200003266334533691 -0.28000000119209289551 -0.395999908447265625 -1.120000004768371582 -0.68000000715255737305 -0.92000001668930053711 -0.92000001668930053711 -0.85000002384185791016 -0.36000001430511474609 -0.25 0.059999998658895492554 0.30000001192092895508 0.43999999761581420898 0.43999999761581420898 0.43999999761581420898 -0.090000003576278686523 -0.92000001668930053711 -2.5720000267028808594 1.4600000381469726562 1.2699999809265136719 0.81999999284744262695 0.81999999284744262695 0.80000001192092895508 -0.200 -0.200 -0.200 -0.200 -0.200 -0.200 -0.200 -0.200 -0.200 -0.200 -0.200 -0.200 -0.200
1.8369997739791870117 -0.23999999463558197021 -0.77999997138977050781 -0.44999998807907104492 -0.49000000953674316406 -0.49000000953674316406 -0.40000000596046447754 -1.3099999427795410156 -0.52999997138977050781 -1.2899999618530273438 -0.37999999523162841797 -0.57999998331069946289 -0.62000000476837158203 -0.62000000476837158203 -0.66000002622604370117 -0.25200003385543823242 -0.47999998927116394043 -0.70999997854232788086 -0.60000002384185791016 -0.62000000476837158203 -0.62000000476837158203 -0.74200004339218139648 -0.33000001311302185059 -0.21999999880790710449 -0.44999998807907104492 -0.57999998331069946289 -1.0900000333786010742 -1.7000000476837158203 -1.7000000476837158203 -0.37000000476837158203 -0.1099999845027923584 0.050000004470348358154 0.094000078737735748291 -0.039999999105930328369 0.15400008857250213623 0.23000000417232513428 0.23000000417232513428 -1.7000000476837158203 0.75999999046325683594 1.5700000524520874023 -3.7920000553131103516 -0.5 -0.49000000953674316406 -0.49000000953674316406 1.0299999713897705078 0.64999997615814208984 0.78800004720687866211 1.7699999809265136719 -0.200 -0.200 -0.200 -0.200 -0.200 -0.200 -0.200 -0.200 -0.200 -0.200
-0.5 -0.63999998569488525391 -0.89999997615814208984 1.0269998311996459961 -0.81000000238418579102 -0.81000000238418579102 -0.75300019979476928711 -0.69999998807907104492 -0.50999999046325683594 -0.19999998807907104492 -0.93000000715255737305 -1.0500000715255737305 -0.25999999046325683594 -0.25999999046325683594 -1.7100000381469726562 -0.41999998688697814941 -1.5599999427795410156 -0.80000001192092895508 -0.79200005531311035156 -0.37999996542930603027 -0.37999996542930603027 -0.73000001907348632812 -0.75 -0.40000000596046447754 -0.31000000238418579102 -0.46000000834465026855 -0.15999999642372131348 -0.46999999880790710449 -0.46999999880790710449 0.14000000059604644775 0.14000000059604644775 -0.18999999761581420898 0.15000000596046447754 0.039999999105930328369 0 0 -1.2699999809265136719 -0.21199995279312133789 1.7799999713897705078 1.5299999713897705078 -0.25999999046325683594 -1.0920000076293945312 -0.63999998569488525391 -0.63999998569488525391 -0.63999998569488525391 -0.94999998807907104492 0.12999999523162841797 0.83999997377395629883 1.0199999809265136719 0.67800003290176391602 -0.200 -0.200 -0.200 -0.200 -0.200 -0.200 -0.200 -0.200
-1.5800000429153442383 -1.870000004768371582 -0.41999998688697814941 -0.46000000834465026855 -0.34000000357627868652 -0.34000000357627868652 -0.18999999761581420898 -0.28000000119209289551 -0.54000002145767211914 -0.21000000834465026855 -0.62200003862380981445 -0.55000001192092895508 -0.27000001072883605957 -0.27000001072883605957 -0.25 -0.97000002861022949219 -1.5599999427795410156 -0.93000000715255737305 -0.98000001907348632812 -0.68999999761581420898 -0.68999999761581420898 -0.69999998807907104492 -0.62999999523162841797 1.8440001010894775391 -0.56999999284744262695 -0.51999998092651367188 -0.15999999642372131348 0.040000006556510925293 0.040000006556510925293 3.0640001296997070312 -0.15999999642372131348 -0.070000000298023223877 0.21000000834465026855 -0.070000000298023223877 4.5040001869201660156 4.5040001869201660156 -0.76999998092651367188 1.4800000190734863281 1.7400000095367431641 -0.81000000238418579102 -1.0499999523162841797 -0.62999999523162841797 -1.011999964714050293 -1.011999964714050293 -1.1599999666213989258 -0.99000000953674316406 -1.0399999618530273438 -0.62000000476837158203 -1.1700000762939453125 -0.029999999329447746277 0.83999997377395629883 0.83999997377395629883 0.40000000596046447754 1.2200000286102294922 0.76999998092651367188 -0.200 -0.200 -0.200
-1.0499999523162841797 -1.8099999427795410156 -0.50999999046325683594 -0.55000001192092895508 -0.34999999403953552246 -0.34999999403953552246 -0.53999996185302734375 -0.83999997377395629883 -0.46999999880790710449 -0.93999999761581420898 -0.37000000476837158203 -0.58200001716613769531 -1.0599999427795410156 -1.0599999427795410156 -1.2100000381469726562 -0.82999998331069946289 -0.5220000147819519043 -0.47999998927116394043 -1.370000004768371582 -0.36999997496604919434 -0.36999997496604919434 -0.64999997615814208984 -0.67000001668930053711 -0.87999999523162841797 -0.43000000715255737305 -0.68999999761581420898 -0.52999997138977050781 -0.76999998092651367188 -0.76999998092651367188 2.6140000820159912109 -0.18999999761581420898 -0.28999999165534973145 0.090000003576278686523 0.34000000357627868652 0.60000002384185791016 0.60000002384185791016 1.5799999237060546875 2.0899999141693115234 -0.82000005245208740234 -0.52999997138977050781 -0.81199997663497924805 -0.031999949365854263306 -0.52999997138977050781 -0.52999997138977050781 -0.94999998807907104492 -0.93000000715255737305 -0.62000000476837158203 -0.93000000715255737305 -0.81000000238418579102 -0.51999998092651367188 -0.51999998092651367188 -0.60000002384185791016 -0.50999999046325683594 -0.093000009655952453613 -0.039999999105930328369 3.0369999408721923828 0.87999999523162841797 0.10000000149011611938
-1 -1.120000004768371582 -1.4400000572204589844 -0.69999998807907104492 -0.72000002861022949219 -0.72000002861022949219 -0.61000001430511474609 -0.82999998331069946289 -0.93999999761581420898 -0.89999997615814208984 -0.58999997377395629883 -0.51999998092651367188 -0.51999998092651367188 -0.51999998092651367188 -1.25 -0.60000002384185791016 -0.50200003385543823242 -1.5599999427795410156 -1.1100000143051147461 -1.8099999427795410156 -1.8099999427795410156 -0.43999996781349182129 -0.67000001668930053711 -0.75999999046325683594 -0.45000001788139343262 -0.40000000596046447754 -0.51999998092651367188 -0.23999997973442077637 -0.23999997973442077637 -0.47999998927116394043 -0.47999998927116394043 -0.46999999880790710449 -0.18000000715255737305 -1.8099999427795410156 0.78400009870529174805 0.78400009870529174805 -1.9199999570846557617 -0.81999999284744262695 -1.1019999980926513672 -0.68999993801116943359 -0.92199993133544921875 2.0280001163482666016 -1.0299999713897705078 -1.0299999713897705078 -0.57000005245208740234 -1.0920000076293945312 -0.75 -0.93999999761581420898 -0.81999999284744262695 2.8180000782012939453 2.8180000782012939453 -0.86000001430511474609 -0.0030000067781656980515 -0.25 -0.40299999713897705078 0.016999993473291397095 0.25 -0.86000001430511474609
-1.120000004768371582 -0.81000000238418579102 -0.93000006675720214844 -1.0900000333786010742 -0.82000005245208740234 -0.82000005245208740234 -0.62000000476837158203 -0.62999999523162841797 -0.95700001716613769531 -0.44999998807907104492 -0.49000000953674316406 -0.57999998331069946289 -0.57999998331069946289 -0.75 -0.53700006008148193359 -0.54700005054473876953 -0.66000002622604370117 -1.5599999427795410156 -0.49700003862380981445 -0.40999999642372131348 -0.40999999642372131348 -0.66700005531311035156 -0.48999997973442077637 -0.62000000476837158203 -0.56999999284744262695 -0.72200000286102294922 -0.75999999046325683594 -1 -0.56000000238418579102 -0.63999998569488525391 -0.60000002384185791016 -0.45000001788139343262 -1.5399999618530273438 -1.2300000190734863281 1.7699999809265136719 1.7699999809265136719 -1.0299999713897705078 -1.0920000076293945312 -0.89199995994567871094 -0.79000002145767211914 -0.55999994277954101562 -0.97000002861022949219 -0.57999998331069946289 -0.57999998331069946289 -0.83999997377395629883 -0.92000001668930053711 -0.87999999523162841797 1.0880000591278076172 -0.70999997854232788086 -0.80000001192092895508 -0.80000001192092895508 0.46800002455711364746 -0.97000002861022949219 -0.36199998855590820312 1.3899999856948852539 1.3300000429153442383 13.13800048828125 -1.2799999713897705078
-1.4500000476837158203 -0.72000002861022949219 -1.629999995231628418 -0.85000002384185791016 -0.87000000476837158203 -0.87000000476837158203 -0.67999994754791259766 -0.91500020027160644531 -0.47999998927116394043 -0.46700003743171691895 -0.56700003147125244141 -0.40999999642372131348 -0.40999999642372131348 -0.46999999880790710449 -0.84000003337860107422 -0.85000002384185791016 -0.56999999284744262695 -0.63999998569488525391 -1.5599999427795410156 0.91299992799758911133 0.91299992799758911133 -0.40000000596046447754 -0.77999997138977050781 -0.81999999284744262695 -0.58000004291534423828 -0.70999997854232788086 -0.56000000238418579102 -0.44999998807907104492 -0.44999998807907104492 -0.73000001907348632812 -0.46000000834465026855 -1.8099999427795410156 -1.379999995231628418 2.0199999809265136719 1.8500000238418579102 1.8500000238418579102 -0.58000004291534423828 -0.90199995040893554688 -0.53999996185302734375 -0.77999997138977050781 -0.54999995231628417969 -0.59000003337860107422 -0.81000000238418579102 -0.81000000238418579102 -0.76999998092651367188 -0.50999999046325683594 -0.72000002861022949219 -0.80000001192092895508 0.75800001621246337891 -0.29999998211860656738 -0.29999998211860656738 -0.64999997615814208984 -0.74199998378753662109 -0.67000001668930053711 1.7999999523162841797 1.6100000143051147461 1.25 0.46000000834465026855
