test/testdata/demo/waterlevel_0min.asc
ncols        561
nrows        20
xllcorner    5.000001
yllcorner    52.51555
cellsize     0.000511251697
NODATA_value  -9999
[rows 0 to 19 of 20, columns 116 to 173 of 561]
-0.200 -0.200 -0.200 -0.200 -0.200 -0.200 -0.200 -0.200 -0.200 -0.200 -0.200 -0.200 -0.200 -0.200 -0.200 -0.200 -0.200 -0.200 -0.200 -0.200 -0.200 -0.200 -0.200 -0.200 -0.200 -0.200 -0.200 -0.200 -0.200 -0.200 -0.200 -0.200 -0.200 -0.200 -0.200 -0.200 -0.200 -0.200 -0.200 -0.200 -0.200 -0.200 -0.200 -0.200 -0.200 -0.200 -0.200 -0.200 -0.200 -0.200 -0.200 -0.200 -0.200 -0.200 -0.200 -0.200 -0.200 -0.200
-0.200 -0.200 -0.200 -0.200 -0.200 -0.200 -0.200 -0.200 -0.200 -0.200 -0.200 -0.200 -0.200 -0.200 -0.200 -0.200 -0.200 -0.200 -0.200 -0.200 -0.200 -0.200 -0.200 -0.200 -0.200 -0.200 -0.200 -0.200 -0.200 -0.200 -0.200 -0.200 -0.200 -0.200 -0.200 -0.200 -0.200 -0.200 -0.200 -0.200 -0.200 -0.200 -0.200 -0.200 -0.200 -0.200 -0.200 -0.200 -0.200 -0.200 -0.200 -0.200 -0.200 -0.200 -0.200 -0.200 -0.200 -0.200
-0.200 -0.200 -0.200 -0.200 -0.200 -0.200 -0.200 -0.200 -0.200 -0.200 -0.200 -0.200 -0.200 -0.200 -0.200 -0.200 -0.200 -0.200 -0.200 -0.200 -0.200 -0.200 -0.200 -0.200 -0.200 -0.200 -0.200 -0.200 -0.200 -0.200 -0.200 -0.200 -0.200 -0.200 -0.200 -0.200 -0.200 -0.200 -0.200 -0.200 -0.200 -0.200 -0.200 -0.200 -0.200 -0.200 -0.200 -0.200 -0.200 -0.200 -0.200 -0.200 -0.200 -0.200 -0.200 -0.200 -0.200 -0.200
-0.200 -0.200 -0.200 -0.200 -0.200 -0.200 -0.200 -0.200 -0.200 -0.200 -0.200 -0.200 -0.200 -0.200 -0.200 -0.200 -0.200 -0.200 -0.200 -0.200 -0.200 -0.200 -0.200 -0.200 -0.200 -0.200 -0.200 -0.200 -0.200 -0.200 -0.200 -0.200 -0.200 -0.200 -0.200 -0.200 -0.200 -0.200 -0.200 -0.200 -0.200 -0.200 -0.200 -0.200 -0.200 -0.200 -0.200 -0.200 -0.200 -0.200 -0.200 -0.200 -0.200 -0.200 -0.200 -0.200 -0.200 -0.200
-0.200 -0.200 -0.200 -0.200 -0.200 -0.200 -0.200 -0.200 -0.200 -0.200 -0.200 -0.200 -0.200 -0.200 -0.200 -0.200 -0.200 -0.200 -0.200 -0.200 -0.200 -0.200 -0.200 -0.200 -0.200 -0.200 -0.200 -0.200 -0.200 -0.200 -0.200 -0.200 -0.200 -0.200 -0.200 -0.200 -0.200 -0.200 -0.200 -0.200 -0.200 -0.200 -0.200 -0.200 -0.200 -0.200 -0.200 -0.200 -0.200 -0.200 -0.200 -0.200 -0.200 -0.200 -0.200 -0.200 -0.200 -0.200
-0.200 -0.200 -0.200 -0.200 -0.200 -0.200 -0.200 -0.200 -0.200 -0.200 -0.200 -0.200 -0.200 -0.200 -0.200 -0.200 -0.200 -0.200 -0.200 -0.200 -0.200 -0.200 -0.200 -0.200 -0.200 -0.200 -0.200 -0.200 -0.200 -0.200 -0.200 -0.200 -0.200 -0.200 -0.200 -0.200 -0.200 -0.200 -0.200 -0.200 -0.200 -0.200 -0.200 -0.200 -0.200 -0.200 -0.200 -0.200 -0.200 -0.200 -0.200 -0.200 -0.200 -0.200 -0.200 -0.200 -0.200 -0.200
-0.200 -0.200 -0.200 -0.200 -0.200 -0.200 -0.200 -0.200 -0.200 -0.200 -0.200 -0.200 -0.200 -0.200 -0.200 -0.200 -0.200 -0.200 -0.200 -0.200 -0.200 -0.200 -0.200 -0.200 -0.200 -0.200 -0.200 -0.200 -0.200 -0.200 -0.200 -0.200 -0.200 -0.200 -0.200 -0.200 -0.200 -0.200 -2.2100000381469726562 -2.2100000381469726562 0.10000000149011611938 -0.200 -0.200 -0.200 -0.200 -0.200 -0.200 -0.200 -0.200 0.059999998658895492554 -1.9900000095367431641 -3.0099999904632568359 -3.5299999713897705078 -3.6500000953674316406 -3.6500000953674316406 -3.6600000858306884766 -4.0199999809265136719 -4
-0.200 -0.200 -0.200 -0.200 -0.200 -0.200 -0.200 -0.200 -0.200 -0.200 -0.200 -0.200 -0.200 -0.200 -0.200 -0.200 -0.200 -0.200 -0.200 -0.200 -0.200 -0.200 -0.200 -0.200 -0.200 -0.200 -0.200 -0.200 -0.200 -0.200 -0.200 -0.200 -0.200 -0.200 -1.6699999570846557617 -3.5499999523162841797 -3.8599998950958251953 -4.6199998855590820312 -3.9200000762939453125 -3.9200000762939453125 -3.8599998950958251953 -4.5999999046325683594 -3.7100000381469726562 -3.4700000286102294922 -3.6800000667572021484 -3.8399999141693115234 -3.8399999141693115234 -4.0199999809265136719 -3.9500000476837158203 -4.1700000762939453125 -4.1399998664855957031 -4.0500001907348632812 -3.7000000476837158203 -3.7599999904632568359 -3.7599999904632568359 -3.7200000286102294922 -3.75 -3.7799999713897705078
-0.200 -0.200 -0.200 -0.200 -0.200 -0.200 -0.200 -0.200 -0.200 -0.200 -0.200 -0.200 -0.200 -0.200 -0.200 -0.200 -0.200 -0.200 -0.200 -0.200 -0.200 -0.200 -0.200 -0.200 -0.200 -2.6600000858306884766 -3.3699998855590820312 -3.8199999332427978516 -4.5999999046325683594 -4.2300000190734863281 -3.9700000286102294922 -3.9700000286102294922 -4.2300000190734863281 -3.9700000286102294922 -3.9000000953674316406 -3.9900000095367431641 -3.9800000190734863281 -4.0199999809265136719 -4.0199999809265136719 -4.0500001907348632812 -4.0399999618530273438 -4.0599999427795410156 -3.8800001144409179688 -3.9500000476837158203 -4.6300001144409179688 -4.0300002098083496094 -4.0300002098083496094 -4.0700001716613769531 -4.0700001716613769531 -3.9700000286102294922 -3.9200000762939453125 -3.9500000476837158203 -3.8699998855590820312 -3.6500000953674316406 -3.6500000953674316406 -3.5999999046325683594 -3.4100000858306884766 -3.4300000667572021484
-0.200 -0.200 -0.200 -0.200 -0.200 -0.200 -0.200 -0.200 -0.200 -0.200 -0.200 -0.200 -0.200 -0.200 -0.200 -0.200 -0.200 -0.200 -0.200 -0.200 -0.200 -0.200 -2.6500000953674316406 -2.6500000953674316406 -3.2899999618530273438 -4.5999999046325683594 -3.9500000476837158203 -3.9700000286102294922 -3.9600000381469726562 -4.5999999046325683594 -3.9500000476837158203 -3.9500000476837158203 -3.8800001144409179688 -4.0500001907348632812 -3.9400000572204589844 -3.9000000953674316406 -4.0599999427795410156 -4.1199998855590820312 -4.1199998855590820312 -4.2800002098083496094 -4.2199997901916503906 -3.9200000762939453125 -3.8599998950958251953 -3.9300000667572021484 -4.0100002288818359375 -4.0199999809265136719 -4.0199999809265136719 -4.0500001907348632812 -4.0399999618530273438 -4.0399999618530273438 -3.9200000762939453125 -3.8900001049041748047 -4.5999999046325683594 -4.5999999046325683594 -3.8399999141693115234 -3.7400000095367431641 -3.2999999523162841797 -3.3800001144409179688
-0.200 -0.200 -0.200 -0.200 -0.200 -0.200 -0.200 -0.200 -0.200 -0.200 -0.200 -0.200 -0.200 -0.200 -0.200 -0.200 -0.200 -0.200 -0.200 -0.200 -0.55000001192092895508 -1.9800000190734863281 -4.5999999046325683594 -4.5999999046325683594 -4 -4.0399999618530273438 -4.1199998855590820312 -4.5999999046325683594 -3.9500000476837158203 -4.0199999809265136719 -4.1100001335144042969 -4.1100001335144042969 -3.9400000572204589844 -3.9400000572204589844 -4.1199998855590820312 -4.0300002098083496094 -4.2300000190734863281 -4.0599999427795410156 -4.0599999427795410156 -4.0300002098083496094 -4.090000152587890625 -4.0500001907348632812 -3.9800000190734863281 -4.5999999046325683594 -3.9600000381469726562 -3.9500000476837158203 -3.9500000476837158203 -4.0399999618530273438 -3.9900000095367431641 -3.8900001049041748047 -4.5999999046325683594 -3.9700000286102294922 -3.8800001144409179688 -3.8800001144409179688 -3.8699998855590820312 -3.9200000762939453125 -3.7999999523162841797 -3.5199999809265136719
-0.200 -0.200 -0.200 -0.200 -0.200 -0.200 -0.200 -0.200 -0.200 -0.200 -0.200 -0.200 -0.200 -0.200 -0.200 -0.200 -0.200 0.76600003242492675781 -4.5999999046325683594 -4.3299999237060546875 -4.2399997711181640625 -4.2800002098083496094 -4.5799999237060546875 -4.5799999237060546875 -4.0999999046325683594 -4.1100001335144042969 -4.0399999618530273438 -4 -3.9700000286102294922 -4.0199999809265136719 -3.9800000190734863281 -3.9800000190734863281 -3.9500000476837158203 -4.0399999618530273438 -3.9500000476837158203 -3.9800000190734863281 -4.0399999618530273438 -4.0500001907348632812 -4.0500001907348632812 -4.1700000762939453125 -4.159999847412109375 -4.0500001907348632812 -4.0599999427795410156 -4.0799999237060546875 -4.1700000762939453125 -4 -4 -3.9600000381469726562 -4.0399999618530273438 -3.9000000953674316406 -3.9500000476837158203 -3.9400000572204589844 -3.9100000858306884766 -3.9100000858306884766 -3.9300000667572021484 -4.1199998855590820312 -3.8399999141693115234 -3.8099999427795410156
-0.200 -0.200 -0.200 -0.200 -0.200 -0.200 -0.200 -0.200 -0.200 -0.200 -0.200 -0.200 -0.200 -0.200 -0.200 -0.200 -3.7100000381469726562 -4.1199998855590820312 -4.1199998855590820312 -4.3499999046325683594 -4.2100000381469726562 -4.2699999809265136719 -4.5999999046325683594 -4.5999999046325683594 -3.5899999141693115234 -4 -4.090000152587890625 -4.159999847412109375 -4.0999999046325683594 -4.2399997711181640625 -4.0399999618530273438 -4.0399999618530273438 -3.9600000381469726562 -3.9600000381469726562 -4.6399998664855957031 -4.159999847412109375 -3.9800000190734863281 -4.0700001716613769531 -4.0700001716613769531 -4.090000152587890625 -4.0700001716613769531 -4.0100002288818359375 -4.0100002288818359375 -4.0199999809265136719 -3.9300000667572021484 -4.25 -4.25 -4.1500000953674316406 -3.8900001049041748047 -4.0100002288818359375 -3.8299999237060546875 -3.9100000858306884766 -4.0100002288818359375 -4.0100002288818359375 -3.9400000572204589844 -3.8900001049041748047 -3.7799999713897705078 -3.9000000953674316406
-0.200 -0.200 -0.200 -0.200 -0.200 -0.200 -0.200 -0.200 -0.200 -0.200 -0.200 -0.200 -2.7000000476837158203 -4.5999999046325683594 -4.2800002098083496094 -4.2800002098083496094 -4.6399998664855957031 -4.4600000381469726562 -4.409999847412109375 -4.5999999046325683594 -4.1999998092651367188 -4.1100001335144042969 -4.090000152587890625 -4.090000152587890625 -3.8399999141693115234 -3.4000000953674316406 -4.0100002288818359375 -4.1199998855590820312 -4.0399999618530273438 -3.9800000190734863281 -4.0700001716613769531 -4.0700001716613769531 -4 -4.0500001907348632812 -4.0199999809265136719 -4.0599999427795410156 -4.0399999618530273438 -4.0799999237060546875 -4.0799999237060546875 -3.9900000095367431641 -4.5999999046325683594 -4.0700001716613769531 -4.0500001907348632812 -3.9900000095367431641 -4 -3.9100000858306884766 -3.9100000858306884766 -3.9200000762939453125 -4.0100002288818359375 -4.1500000953674316406 -3.8199999332427978516 -4.0199999809265136719 -3.9600000381469726562 -3.9600000381469726562 -3.9400000572204589844 -3.8699998855590820312 -3.4900000095367431641 -3.6900000572204589844
-0.200 -0.200 -0.200 -0.200 -0.200 -0.200 -0.200 -0.200 -0.200 -0.200 -2.7300000190734863281 -4.3899998664855957031 -3.7599999904632568359 -4.590000152587890625 -4.3600001335144042969 -4.3600001335144042969 -4.5100002288818359375 -4.4400000572204589844 -4.3800001144409179688 -4.5999999046325683594 -4.0100002288818359375 -4.0799999237060546875 -4.159999847412109375 -4.159999847412109375 -4.0799999237060546875 -3.5899999141693115234 -4.090000152587890625 -4.0500001907348632812 -3.9600000381469726562 -4.0199999809265136719 -4.0199999809265136719 -3.9800000190734863281 -3.9900000095367431641 -4.0399999618530273438 -3.9900000095367431641 -3.9600000381469726562 -4.0799999237060546875 -4.5999999046325683594 -4.5999999046325683594 -4.090000152587890625 -4.090000152587890625 -4.1100001335144042969 -4.0300002098083496094 -4.0100002288818359375 -4.1100001335144042969 -4.1500000953674316406 -4.1500000953674316406 -4.0300002098083496094 -3.9200000762939453125 -3.9900000095367431641 -4.6199998855590820312 -3.8900001049041748047 -3.9800000190734863281 -3.9800000190734863281 -4.1199998855590820312 -2.9299998283386230469 -4.3899998664855957031 -0.47099980711936950684
-0.200 -0.200 -0.200 -0.200 -0.200 -0.200 -0.200 -3.0899999141693115234 -3.0899999141693115234 -4.5999999046325683594 -3.5399999618530273438 -3.7300000190734863281 -4.090000152587890625 -4.2399997711181640625 -4.3699998855590820312 -4.3699998855590820312 -4.5100002288818359375 -4.4200000762939453125 -4.3200001716613769531 -4.4499998092651367188 -4.1929993629455566406 -3.8699998855590820312 -4.1199998855590820312 -4.1199998855590820312 -4.0399999618530273438 -4.0999999046325683594 -4.0599999427795410156 -3.7899999618530273438 -4.0199999809265136719 -4 -4 -4.0700001716613769531 -4.2199997901916503906 -4.5999999046325683594 -4.090000152587890625 -4.0100002288818359375 -4.1100001335144042969 -4.0399999618530273438 -4.0399999618530273438 -4.0500001907348632812 -4.1999998092651367188 -4.0399999618530273438 -4 -4.0999999046325683594 -3.9700000286102294922 -3.9700000286102294922 -4.0599999427795410156 -4.0599999427795410156 -4.1199998855590820312 -3.8499999046325683594 -2.8799998760223388672 -3.7599999904632568359 -3.9700000286102294922 -3.9700000286102294922 0.56900018453598022461 -3.9000000953674316406 -3.8699998855590820312 -3.8800001144409179688
-0.200 -0.200 -0.200 -3.1099998950958251953 -4.5999999046325683594 -3.9500000476837158203 -3.9100000858306884766 -4.0999999046325683594 -4.0999999046325683594 -3.9600000381469726562 -4.1500000953674316406 -4.5199999809265136719 -4.3200001716613769531 -4.2899999618530273438 -4.4400000572204589844 -4.4400000572204589844 -4.5999999046325683594 -4.3000001907348632812 -4.2399997711181640625 -4.2199997901916503906 -4.159999847412109375 -4.5999999046325683594 -4.0199999809265136719 -4.0199999809265136719 -4.1199998855590820312 -4.5999999046325683594 -4.25 -4.5999999046325683594 -3.9200000762939453125 -4.2300000190734863281 -4.2300000190734863281 -3.9400000572204589844 -4.0300002098083496094 -4.0700001716613769531 -3.9500000476837158203 -3.9700000286102294922 -3.9400000572204589844 -4.3200001716613769531 -4.3200001716613769531 -4.090000152587890625 -3.9600000381469726562 -4.159999847412109375 -4.0399999618530273438 -3.9800000190734863281 -4.0300002098083496094 -4.0300002098083496094 -3.7400000095367431641 -4.5999999046325683594 -3.5499999523162841797 -4.5999999046325683594 -4 -3.2400000095367431641 -3.9500000476837158203 -3.9500000476837158203 -3.8800001144409179688 -3.8199999332427978516 -4.5999999046325683594 -4.0500001907348632812
-0.200 -0.200 -3.5699999332427978516 -4.0199999809265136719 -4.1500000953674316406 -3.9600000381469726562 -4.0100002288818359375 -4.590000152587890625 -4.590000152587890625 -4 -4.1799998283386230469 -4.2899999618530273438 -4.3899998664855957031 -4.6199998855590820312 -4.3499999046325683594 -4.3499999046325683594 -4.3099999427795410156 -4.1799998283386230469 -4.1900000572204589844 -4.5399999618530273438 -4.2300000190734863281 -4.1500000953674316406 -3.4129996299743652344 -3.4129996299743652344 -4.1500000953674316406 -4.1300001144409179688 -4.1300001144409179688 -3.9600000381469726562 -3.7300000190734863281 -4.0999999046325683594 -4.0999999046325683594 -4.2800002098083496094 -4.0599999427795410156 -4.0100002288818359375 -4.0599999427795410156 -3.9400000572204589844 -3.9600000381469726562 -4.0500001907348632812 -4.0500001907348632812 -4.1799998283386230469 -4.1100001335144042969 -3.9700000286102294922 -4.0799999237060546875 -3.9500000476837158203 -3.8800001144409179688 -3.8800001144409179688 -2.9700000286102294922 -3.2899999618530273438 -3.4419994354248046875 -3.8399999141693115234 -3.8399999141693115234 -4.0999999046325683594 -3.9500000476837158203 -3.9500000476837158203 -3.8699998855590820312 -4.1100001335144042969 -3.9700000286102294922 -3.9900000095367431641
-4.5999999046325683594 -4.3600001335144042969 -4.0300002098083496094 -4.0399999618530273438 -4.3099999427795410156 -4.1999998092651367188 -4.3000001907348632812 -4.3000001907348632812 -4.5399999618530273438 -4.2100000381469726562 -4.5199999809265136719 -4.340000152587890625 -4.2399997711181640625 -4.2899999618530273438 -4.1500000953674316406 -4.1500000953674316406 -4.090000152587890625 -4.090000152587890625 -4.2300000190734863281 -4.340000152587890625 -4.3499999046325683594 -4.2699999809265136719 -4.2899999618530273438 -4.2899999618530273438 -3.4700000286102294922 -4.1999998092651367188 -4.0700001716613769531 -4.1100001335144042969 -4.0500001907348632812 -4.5999999046325683594 -4.5999999046325683594 -4.0399999618530273438 -4.1100001335144042969 -4.5599999427795410156 -4.1700000762939453125 -4.1500000953674316406 -4.0300002098083496094 -4 -4 -3.9500000476837158203 -4 -3.6500000953674316406 -3.6900000572204589844 -3.9500000476837158203 -3.7999999523162841797 -3.7999999523162841797 -4.5100002288818359375 4.6929998397827148438 -4.2399997711181640625 -3.6299998760223388672 -3.9200000762939453125 -3.9300000667572021484 -4.1100001335144042969 -4.1100001335144042969 -3.9900000095367431641 -3.9100000858306884766 -4.2100000381469726562 -3.9600000381469726562
-3.9700000286102294922 -4.0999999046325683594 -3.9900000095367431641 -4.1300001144409179688 -4.5999999046325683594 -4.3099999427795410156 -4.2699999809265136719 -4.2699999809265136719 -4.340000152587890625 -4.2899999618530273438 -4.4400000572204589844 -4.3000001907348632812 -4.1300001144409179688 -4.1799998283386230469 -4.0300002098083496094 -4.0300002098083496094 -4.3800001144409179688 -4.0100002288818359375 -4 -4.2699999809265136719 -4.2699999809265136719 -4.2899999618530273438 -4.2899999618530273438 -4.1700000762939453125 -4.0999999046325683594 -4.5999999046325683594 -4.0700001716613769531 -4.1199998855590820312 -4.090000152587890625 -4.090000152587890625 -4.090000152587890625 -3.8499999046325683594 -4.0799999237060546875 -4.1399998664855957031 -4.0500001907348632812 -4.0700001716613769531 -3.8199999332427978516 -3.7599999904632568359 -3.7599999904632568359 -3.3799998760223388672 -3.9700000286102294922 -3.8800001144409179688 -3.4500000476837158203 -4.2199997901916503906 -3.3570001125335693359 -3.3570001125335693359 -4.5999999046325683594 -4.159999847412109375 -4.1199998855590820312 -3.9600000381469726562 -3.9400000572204589844 -3.9000000953674316406 -3.8299999237060546875 -3.8299999237060546875 -3.9200000762939453125 -3.9600000381469726562 -3.9000000953674316406 -4.1199998855590820312
