test/testdata/demo/waterlevel_60min.asc
ncols        561
nrows        20
xllcorner    4.817258165162
yllcorner    52.370746892638
cellsize     0.000511251697
NODATA_value  -9999
[rows 0 to 19 of 20, columns 232 to 289 of 561]
0.300 0.300 0.300 0.300 0.300 0.300 0.300 0.300 0.300 0.300 0.300 0.300 0.300 0.300 0.300 0.300 0.300 0.300 0.300 0.300 0.300 0.300 0.300 0.300 0.300 0.300 0.300 0.300 0.300 0.300 0.300 0.300 0.300 0.300 0.300 0.300 0.300 0.300 0.300 0.300 0.300 0.300 0.300 0.300 0.300 0.300 0.300 0.300 0.300 0.300 0.300 0.300 0.300 0.300 0.300 0.300 0.300 0.300
0.300 0.300 0.300 0.300 0.300 0.300 0.300 0.300 -0.76999998092651367188 -0.76999998092651367188 -0.76999998092651367188 -0.76999998092651367188 -0.63999998569488525391 -0.63999998569488525391 -0.63999998569488525391 -0.5 -0.5 0.079999998211860656738 0.079999998211860656738 -0.55000001192092895508 -0.55000001192092895508 -0.55000001192092895508 -0.5 -0.5 0.300 0.300 0.300 0.300 0.300 0.300 0.300 0.300 0.300 0.300 0.300 0.300 0.300 0.300 0.300 0.300 0.300 0.300 0.300 0.300 0.300 0.300 0.300 0.300 0.300 0.300 0.300 0.300 0.300 0.300 0.300 0.300 0.300 0.300
-1.4500000476837158203 -1.4500000476837158203 -1.4500000476837158203 -1.120000004768371582 -1.120000004768371582 -0.63999998569488525391 -0.63999998569488525391 -0.63999998569488525391 -0.81000000238418579102 -0.81000000238418579102 -0.87999999523162841797 -0.87999999523162841797 -0.93000000715255737305 -0.93000000715255737305 -0.93000000715255737305 -0.5 -0.5 -0.0099999997764825820923 -0.0099999997764825820923 0.0099999997764825820923 0.0099999997764825820923 0.0099999997764825820923 0.0099999997764825820923 0.0099999997764825820923 0.15999999642372131348 0.15999999642372131348 0.300 0.300 0.300 0.300 0.300 0.300 0.300 0.300 0.300 0.300 0.300 0.300 0.300 0.300 0.300 0.300 0.300 0.300 0.300 0.300 0.300 0.300 0.300 0.300 0.300 0.300 0.300 0.300 0.300 0.300 0.300 0.300
-1.4500000476837158203 -1.4500000476837158203 -1.4500000476837158203 -0.81000000238418579102 -0.81000000238418579102 -1.1499999761581420898 -1.1499999761581420898 -1.1499999761581420898 -1.1100000143051147461 -1.1100000143051147461 -1.129999995231628418 -1.129999995231628418 -1.5599999427795410156 -1.5599999427795410156 -1.5599999427795410156 -0.55000001192092895508 -0.55000001192092895508 -0.12999999523162841797 -0.12999999523162841797 -0.12999999523162841797 -0.12999999523162841797 -0.12999999523162841797 -0.0099999997764825820923 -0.0099999997764825820923 -0.079999998211860656738 -0.079999998211860656738 0.18999999761581420898 0.18999999761581420898 0.300 0.300 0.300 0.300 0.300 0.300 0.300 0.300 0.300 0.300 0.300 0.300 0.300 0.300 0.300 0.300 0.300 0.300 0.300 0.300 0.300 0.300 0.300 0.300 0.300 0.300 0.300 0.300 0.300 0.300
-1.4500000476837158203 -1.4500000476837158203 -1.4500000476837158203 -0.81000000238418579102 -0.81000000238418579102 -1.1499999761581420898 -1.1499999761581420898 -1.1499999761581420898 -1.1100000143051147461 -1.1100000143051147461 -1.129999995231628418 -1.129999995231628418 -1.5599999427795410156 -1.5700000524520874023 -1.5700000524520874023 -0.34000000357627868652 -0.34000000357627868652 -0.10000000149011611938 -0.10000000149011611938 -0.10000000149011611938 -0.10000000149011611938 -0.10000000149011611938 -0.11999999731779098511 -0.11999999731779098511 -0.11999999731779098511 -0.11999999731779098511 0.059999998658895492554 0.059999998658895492554 0.300 0.300 0.300 0.300 0.300 0.300 0.300 0.300 0.300 0.300 0.300 0.300 0.300 0.300 0.300 0.300 0.300 0.300 0.300 0.300 0.300 0.300 0.300 0.300 0.300 0.300 0.300 0.300 0.300 0.300
-0.87000000476837158203 -1.8500000238418579102 -1.8500000238418579102 -1.8899999856948852539 -1.8899999856948852539 -1.8899999856948852539 -1.8899999856948852539 -1.8899999856948852539 -1.3099999427795410156 -1.3099999427795410156 -1.1799999475479125977 -1.1799999475479125977 -1.5700000524520874023 -1.5700000524520874023 -1.5700000524520874023 -0.34000000357627868652 -0.34000000357627868652 -0.10000000149011611938 -0.10000000149011611938 -0.10000000149011611938 -0.10000000149011611938 -0.10000000149011611938 -0.11999999731779098511 -0.11999999731779098511 -0.11999999731779098511 -0.11999999731779098511 0.059999998658895492554 0.059999998658895492554 0.059999998658895492554 0.300 0.300 0.300 0.300 0.300 0.300 0.300 0.300 0.300 0.300 0.300 0.300 0.300 0.300 0.300 0.300 0.300 0.300 0.300 0.300 0.300 0.300 0.300 0.300 0.300 0.300 0.300 0.300 0.300
-0.89999997615814208984 -1.879999995231628418 -1.879999995231628418 -1.8899999856948852539 -1.8899999856948852539 -1.8899999856948852539 -1.8899999856948852539 -1.8899999856948852539 -1.870000004768371582 -1.870000004768371582 -1.5599999427795410156 -1.5599999427795410156 -1.5599999427795410156 -1.5599999427795410156 -1.5599999427795410156 0.019999999552965164185 0.019999999552965164185 -0.10000000149011611938 -0.10000000149011611938 -0.10000000149011611938 -0.10000000149011611938 -0.10000000149011611938 -0.11999999731779098511 -0.11999999731779098511 -0.11999999731779098511 -0.11999999731779098511 -0.019999999552965164185 -0.019999999552965164185 -0.019999999552965164185 0.039999999105930328369 0.039999999105930328369 0.300 0.300 0.300 0.300 0.300 0.300 0.300 0.300 0.300 0.300 0.300 0.300 0.300 0.300 0.300 0.300 0.300 0.300 0.300 0.300 0.300 0.300 0.300 0.300 0.300 0.300 0.300
0.85000002384185791016 -1.870000004768371582 -1.870000004768371582 -1.9099999666213989258 -1.9099999666213989258 -1.9099999666213989258 -1.9099999666213989258 -1.9099999666213989258 -1.8999999761581420898 -1.8999999761581420898 -1.870000004768371582 -1.870000004768371582 -1.5599999427795410156 -1.5599999427795410156 -1.5599999427795410156 -0.14000000059604644775 -0.14000000059604644775 -1.7000000476837158203 -1.7000000476837158203 -1.7000000476837158203 -1.7000000476837158203 -1.7000000476837158203 -0.38999998569488525391 -0.38999998569488525391 -0.38999998569488525391 -0.38999998569488525391 -0.52999997138977050781 -0.52999997138977050781 -0.52999997138977050781 -0.14000000059604644775 -0.14000000059604644775 0.050000000745058059692 0.050000000745058059692 0.300 0.300 0.300 0.300 0.300 0.300 0.300 0.300 0.300 0.300 0.300 0.300 0.300 0.300 0.300 0.300 0.300 0.300 0.300 0.300 0.300 0.300 0.300 0.300 0.300
0.85000002384185791016 -1.870000004768371582 -1.870000004768371582 -1.9099999666213989258 -1.9099999666213989258 -1.9099999666213989258 -1.9099999666213989258 -1.9099999666213989258 -1.8999999761581420898 -1.8999999761581420898 -1.870000004768371582 -1.870000004768371582 -1.5599999427795410156 -1.5599999427795410156 -1.5599999427795410156 -0.14000000059604644775 -0.14000000059604644775 -1.7000000476837158203 -1.7000000476837158203 -1.7000000476837158203 -1.7000000476837158203 -1.7000000476837158203 -0.38999998569488525391 -0.38999998569488525391 -0.38999998569488525391 -0.38999998569488525391 -0.52999997138977050781 -0.52999997138977050781 -0.52999997138977050781 -0.14000000059604644775 -0.14000000059604644775 0.050000000745058059692 0.050000000745058059692 0.300 0.300 0.300 0.300 0.300 0.300 0.300 0.300 0.300 0.300 0.300 0.300 0.300 0.300 0.300 0.300 0.300 0.300 0.300 0.300 0.300 0.300 0.300 0.300 0.300
2.2999999523162841797 -1.879999995231628418 -1.879999995231628418 -1.9099999666213989258 -1.9099999666213989258 -1.9099999666213989258 -1.9099999666213989258 -1.9099999666213989258 -1.8200000524520874023 -1.8200000524520874023 -1.879999995231628418 -1.879999995231628418 -1.8200000524520874023 -1.8200000524520874023 -1.8200000524520874023 -1.5599999427795410156 -1.5599999427795410156 -1.7000000476837158203 -1.7000000476837158203 -1.7000000476837158203 -1.7000000476837158203 -1.7000000476837158203 -0.38999998569488525391 -0.38999998569488525391 -0.38999998569488525391 -0.38999998569488525391 -0.31000000238418579102 -0.31000000238418579102 -0.31000000238418579102 -1.7000000476837158203 -1.7000000476837158203 -0.070000000298023223877 -0.070000000298023223877 -0.5 -0.5 -0.059999998658895492554 -0.059999998658895492554 -0.059999998658895492554 0.300 0.300 0.300 0.300 0.300 0.300 0.300 0.300 0.300 0.300 0.300 0.300 0.300 0.300 0.300 0.300 0.300 0.300 0.300 0.300
2.5999999046325683594 -1.9400000572204589844 -1.9400000572204589844 -1.8899999856948852539 -1.8899999856948852539 -1.8899999856948852539 -1.8899999856948852539 -1.8899999856948852539 -1.870000004768371582 -1.870000004768371582 -1.870000004768371582 -1.870000004768371582 -1.8999999761581420898 -1.8999999761581420898 -1.8999999761581420898 -1.5599999427795410156 -1.5599999427795410156 -1.7000000476837158203 -1.7000000476837158203 -1.7000000476837158203 -1.7000000476837158203 -1.7000000476837158203 -1.7000000476837158203 -1.7000000476837158203 -1.7000000476837158203 -1.7000000476837158203 -1.7000000476837158203 -1.7000000476837158203 -1.7000000476837158203 -1.7000000476837158203 -1.7000000476837158203 -1.7000000476837158203 -1.7000000476837158203 -1.7000000476837158203 -1.7000000476837158203 -0.50999999046325683594 -0.50999999046325683594 -0.50999999046325683594 -0.68000000715255737305 -0.68000000715255737305 1 1 0.300 0.300 0.300 0.81000000238418579102 0.81000000238418579102 0.81000000238418579102 0.81000000238418579102 0.300 0.300 0.300 0.300 0.300 0.300 0.300 0.300 0.300
2.5999999046325683594 -1.9400000572204589844 -1.9400000572204589844 -1.8899999856948852539 -1.8899999856948852539 -1.8899999856948852539 -1.8899999856948852539 -1.8899999856948852539 -1.870000004768371582 -1.870000004768371582 -1.870000004768371582 -1.870000004768371582 -1.8999999761581420898 -1.8999999761581420898 -1.8999999761581420898 -1.5599999427795410156 -1.5599999427795410156 -1.7000000476837158203 -1.7000000476837158203 -1.7000000476837158203 -1.7000000476837158203 -1.7000000476837158203 -1.7000000476837158203 -1.7000000476837158203 -1.7000000476837158203 -1.7000000476837158203 -1.7000000476837158203 -1.7000000476837158203 -1.7000000476837158203 -1.7000000476837158203 -1.7000000476837158203 -1.7000000476837158203 -1.7000000476837158203 -1.7000000476837158203 -1.7000000476837158203 -1.7000000476837158203 -1.7000000476837158203 -1.7000000476837158203 -3.6600000858306884766 -3.6600000858306884766 -2.1199998855590820312 -2.1199998855590820312 -0.50999999046325683594 -0.50999999046325683594 -0.50999999046325683594 0.81000000238418579102 0.81000000238418579102 0.81000000238418579102 0.81000000238418579102 0.300 0.300 0.300 0.300 0.300 0.300 0.300 0.300 0.300
1.1699999570846557617 -1.8999999761581420898 -1.8999999761581420898 -1.8899999856948852539 -1.8899999856948852539 -1.8899999856948852539 -1.8899999856948852539 -1.8899999856948852539 -1.870000004768371582 -1.870000004768371582 -1.870000004768371582 -1.870000004768371582 -1.8899999856948852539 -1.8899999856948852539 -1.8899999856948852539 -1.5599999427795410156 -1.5599999427795410156 -1.7000000476837158203 -1.7000000476837158203 -1.7000000476837158203 -1.7000000476837158203 -1.7000000476837158203 -1.7000000476837158203 -1.7000000476837158203 -1.7000000476837158203 -1.7000000476837158203 -1.7000000476837158203 -1.7000000476837158203 -1.7000000476837158203 -1.7000000476837158203 -1.7000000476837158203 -1.7000000476837158203 -1.7000000476837158203 -1.7000000476837158203 -1.7000000476837158203 -1.7000000476837158203 -1.7000000476837158203 -1.7000000476837158203 -3.6600000858306884766 -3.6600000858306884766 -2.1199998855590820312 -2.1199998855590820312 -0.50999999046325683594 -0.50999999046325683594 -0.50999999046325683594 0.81000000238418579102 0.81000000238418579102 0.81000000238418579102 0.81000000238418579102 0.300 0.300 0.300 0.300 0.300 0.300 0.300 0.300 0.300
-1.0900000333786010742 -1.9099999666213989258 -1.9099999666213989258 -1.9199999570846557617 -1.9199999570846557617 -1.9199999570846557617 -1.9199999570846557617 -1.9199999570846557617 -1.9199999570846557617 -1.9199999570846557617 -1.9199999570846557617 -1.9199999570846557617 -1.8999999761581420898 -1.8999999761581420898 -1.8999999761581420898 -1.5599999427795410156 -1.5599999427795410156 -1.129999995231628418 -1.129999995231628418 -0.93000000715255737305 -0.93000000715255737305 -0.93000000715255737305 -1.0199999809265136719 -1.0199999809265136719 -1.0199999809265136719 -1.0199999809265136719 -1.7100000381469726562 -1.7100000381469726562 -1.7100000381469726562 -1.7100000381469726562 -1.7100000381469726562 -1.7000000476837158203 -1.7000000476837158203 -1.7000000476837158203 -1.7000000476837158203 -1.7000000476837158203 -1.7000000476837158203 -1.7000000476837158203 -3.8099999427795410156 -3.8099999427795410156 -3.8900001049041748047 -3.8900001049041748047 -1.0399999618530273438 -1.0399999618530273438 -1.0399999618530273438 -0.87999999523162841797 -0.87999999523162841797 0.63999998569488525391 0.63999998569488525391 0.91000002622604370117 0.91000002622604370117 0.91000002622604370117 0.300 0.300 0.46999999880790710449 0.46999999880790710449 0.46999999880790710449 0.46999999880790710449
-1.879999995231628418 -1.8999999761581420898 -1.8999999761581420898 -1.9199999570846557617 -1.9199999570846557617 -1.9199999570846557617 -1.9199999570846557617 -1.9199999570846557617 -1.9199999570846557617 -1.9199999570846557617 -1.9199999570846557617 -1.9199999570846557617 -1.879999995231628418 -1.879999995231628418 -1.879999995231628418 -1.8500000238418579102 -1.8500000238418579102 -1.1000000238418579102 -1.1000000238418579102 -0.85000002384185791016 -0.85000002384185791016 -0.85000002384185791016 -1.0199999809265136719 -1.0199999809265136719 -1.0199999809265136719 -1.0199999809265136719 -1.7100000381469726562 -1.7100000381469726562 -1.7100000381469726562 -1.7100000381469726562 -1.7100000381469726562 -1.7000000476837158203 -1.7000000476837158203 -1.7000000476837158203 -1.7000000476837158203 -1.7000000476837158203 -1.7000000476837158203 -1.7000000476837158203 -1.1599999666213989258 -1.1599999666213989258 -1.2000000476837158203 -1.2000000476837158203 -1.2200000286102294922 -1.2200000286102294922 -1.2200000286102294922 -1.2400000095367431641 -1.2400000095367431641 -1.8099999427795410156 -1.8099999427795410156 -1.7400000095367431641 -1.7400000095367431641 -1.7400000095367431641 -0.40000000596046447754 -0.40000000596046447754 0.46999999880790710449 0.46999999880790710449 0.46999999880790710449 0.46999999880790710449
-1.879999995231628418 -1.8999999761581420898 -1.8999999761581420898 -1.9199999570846557617 -1.9199999570846557617 -1.9199999570846557617 -1.9199999570846557617 -1.9199999570846557617 -1.9199999570846557617 -1.9199999570846557617 -1.9199999570846557617 -1.9199999570846557617 -1.879999995231628418 -1.879999995231628418 -1.879999995231628418 -1.8500000238418579102 -1.8500000238418579102 -1.1000000238418579102 -1.1000000238418579102 -0.85000002384185791016 -0.85000002384185791016 -0.85000002384185791016 -1.0199999809265136719 -1.0199999809265136719 -1.0199999809265136719 -1.0199999809265136719 -1.7100000381469726562 -1.7100000381469726562 -1.7100000381469726562 -1.7100000381469726562 -1.7100000381469726562 -1.7000000476837158203 -1.7000000476837158203 -1.7000000476837158203 -1.7000000476837158203 -1.7000000476837158203 -1.7000000476837158203 -1.7000000476837158203 -1.1599999666213989258 -1.1599999666213989258 -1.2000000476837158203 -1.2000000476837158203 -1.2200000286102294922 -1.2200000286102294922 -1.2200000286102294922 -1.2400000095367431641 -1.2400000095367431641 -1.8099999427795410156 -1.8099999427795410156 -1.7400000095367431641 -1.7400000095367431641 -1.7400000095367431641 -0.40000000596046447754 -0.40000000596046447754 0.46999999880790710449 0.46999999880790710449 0.46999999880790710449 0.46999999880790710449
-1.9299999475479125977 -1.9299999475479125977 -1.9299999475479125977 -1.4700000286102294922 -1.4700000286102294922 -1.4700000286102294922 -1.4700000286102294922 -1.4700000286102294922 -1.9099999666213989258 -1.9099999666213989258 -1.9099999666213989258 -1.9099999666213989258 -1.9199999570846557617 -1.9199999570846557617 -1.9199999570846557617 -1.8600000143051147461 -1.8600000143051147461 -1.8099999427795410156 -1.8099999427795410156 -1.8099999427795410156 -1.8099999427795410156 -1.8099999427795410156 -0.99000000953674316406 -0.99000000953674316406 -0.99000000953674316406 -0.99000000953674316406 -1.8099999427795410156 -1.8099999427795410156 -1.8099999427795410156 -1.8099999427795410156 -1.8099999427795410156 -0.68000000715255737305 -0.68000000715255737305 -1.7000000476837158203 -1.7000000476837158203 -1.7000000476837158203 -1.1499999761581420898 -1.1499999761581420898 -1.120000004768371582 -1.120000004768371582 -1.129999995231628418 -1.129999995231628418 -1.129999995231628418 -1.129999995231628418 -1.129999995231628418 -1.8099999427795410156 -1.8099999427795410156 -1.8099999427795410156 -1.8099999427795410156 -1.8099999427795410156 -1.8099999427795410156 -1.8099999427795410156 -1.120000004768371582 -1.120000004768371582 -0.38999998569488525391 -0.38999998569488525391 -1.8099999427795410156 -1.8099999427795410156
-1.9299999475479125977 -1.9299999475479125977 -1.9299999475479125977 -1.4700000286102294922 -1.4700000286102294922 -1.4700000286102294922 -1.4700000286102294922 -1.4700000286102294922 -1.9099999666213989258 -1.9099999666213989258 -1.9099999666213989258 -1.9099999666213989258 -1.870000004768371582 -1.870000004768371582 -1.870000004768371582 -1.5599999427795410156 -1.5599999427795410156 -1.8099999427795410156 -1.8099999427795410156 -1.8099999427795410156 -1.8099999427795410156 -1.8099999427795410156 -0.99000000953674316406 -0.99000000953674316406 -0.99000000953674316406 -0.99000000953674316406 -1.8099999427795410156 -1.8099999427795410156 -1.8099999427795410156 -1.8099999427795410156 -1.8099999427795410156 -1.8099999427795410156 -1.8099999427795410156 -1.8099999427795410156 -1.8099999427795410156 -1.8099999427795410156 -2.2699999809265136719 -2.2699999809265136719 -1.120000004768371582 -1.120000004768371582 -1.129999995231628418 -1.129999995231628418 -1.129999995231628418 -1.129999995231628418 -1.129999995231628418 -1.8099999427795410156 -1.8099999427795410156 -1.8099999427795410156 -1.8099999427795410156 -1.8099999427795410156 -1.8099999427795410156 -1.8099999427795410156 -1.1499999761581420898 -1.1499999761581420898 -1.8099999427795410156 -1.8099999427795410156 -1.8099999427795410156 -1.8099999427795410156
-1.9299999475479125977 -1.9299999475479125977 -1.9299999475479125977 -1.4700000286102294922 -1.4700000286102294922 -1.4700000286102294922 -1.4700000286102294922 -1.4700000286102294922 -1.9099999666213989258 -1.9099999666213989258 -1.9099999666213989258 -1.9099999666213989258 -1.9099999666213989258 -1.870000004768371582 -1.870000004768371582 -1.5599999427795410156 -1.5599999427795410156 -1.8099999427795410156 -1.8099999427795410156 -1.8099999427795410156 -1.8099999427795410156 -1.8099999427795410156 -0.99000000953674316406 -0.99000000953674316406 -0.99000000953674316406 -0.99000000953674316406 -1.8099999427795410156 -1.8099999427795410156 -1.8099999427795410156 -1.8099999427795410156 -1.8099999427795410156 -1.8099999427795410156 -1.8099999427795410156 -1.8099999427795410156 -1.8099999427795410156 -1.8099999427795410156 -1.8099999427795410156 -1.8099999427795410156 -1.8099999427795410156 -1.8099999427795410156 -1.8099999427795410156 -1.8099999427795410156 -1.8099999427795410156 -1.8099999427795410156 -1.8099999427795410156 -1.809931635856628418 -1.809931635856628418 -1.809931635856628418 -1.809931635856628418 -1.8099999427795410156 -1.8099999427795410156 -1.8099999427795410156 -1.8099999427795410156 -1.8099999427795410156 -1.8099999427795410156 -1.8099999427795410156 -1.8099999427795410156 -1.8099999427795410156
-4.0999999046325683594 -4.0999999046325683594 -4.0999999046325683594 -4.0999999046325683594 -4.0999999046325683594 -4.0999999046325683594 -4.0999999046325683594 -4.0999999046325683594 -1.8899999856948852539 -1.8899999856948852539 -1.8899999856948852539 -1.8899999856948852539 -1.8899999856948852539 -1.6399999856948852539 -1.6399999856948852539 -1.6399999856948852539 -1.6399999856948852539 -1.5599999427795410156 -1.5599999427795410156 -1.809992671012878418 -1.809992671012878418 -1.809992671012878418 -0.99000000953674316406 -0.99000000953674316406 -0.99000000953674316406 -0.99000000953674316406 -1.8099999427795410156 -1.8099999427795410156 -1.8099999427795410156 -1.8099999427795410156 -1.8099999427795410156 -1.8099999427795410156 -1.8099999427795410156 -1.8099999427795410156 -1.8099999427795410156 -1.8099999427795410156 -1.8099999427795410156 -1.8099999427795410156 -1.8099999427795410156 -1.8099999427795410156 -1.8099999427795410156 -1.8099999427795410156 -1.8099999427795410156 -1.8099999427795410156 -1.8099999427795410156 -1.809931635856628418 -1.809931635856628418 -1.809931635856628418 -1.809931635856628418 -1.8099999427795410156 -1.8099999427795410156 -1.8099999427795410156 -1.8099999427795410156 -1.8099999427795410156 -1.8099999427795410156 -1.8099999427795410156 -1.8099999427795410156 -1.8099999427795410156
