test/testdata/demo/waterlevel_60min.asc
ncols        561
nrows        20
xllcorner    4.817258165162
yllcorner    52.370746892638
cellsize     0.000511251697
NODATA_value  -9999
[rows 0 to 19 of 20, columns 174 to 231 of 561]
0.300 0.300 0.300 0.300 0.300 0.300 0.300 0.300 0.300 0.300 0.300 0.300 0.300 0.300 0.300 0.300 0.300 0.300 0.300 0.300 0.300 0.300 0.300 0.300 0.300 0.300 0.300 0.300 0.300 0.300 0.300 0.300 0.300 0.300 0.300 0.300 0.300 0.300 0.300 0.300 0.300 0.300 0.300 0.300 0.300 0.300 0.300 0.300 0.300 0.300 0.300 0.300 0.300 0.300 0.300 0.300 0.300 0.300
0.300 0.300 0.300 0.300 0.300 0.300 0.300 0.300 0.300 0.300 0.300 0.300 0.300 0.300 0.300 0.300 0.300 0.300 0.300 0.300 0.300 0.300 0.300 0.300 0.300 0.300 0.300 0.300 0.300 0.300 0.300 0.300 0.300 0.300 0.300 0.300 0.300 0.300 0.300 0.300 0.300 0.300 0.300 0.300 0.300 0.300 0.300 0.300 0.300 0.300 0.300 0.300 0.300 0.300 0.300 0.300 0.300 0.300
0.300 0.300 0.300 0.300 0.300 0.300 0.300 0.300 0.300 0.300 0.300 0.300 0.300 0.300 0.300 0.300 0.300 0.300 0.300 0.300 0.300 0.300 0.300 0.300 0.300 0.300 0.300 0.300 0.300 0.300 0.300 0.300 0.300 0.300 0.300 0.300 0.300 0.300 0.300 0.300 0.300 0.300 0.300 0.300 0.300 0.300 0.300 0.300 0.300 0.300 0.300 0.300 -0.55000001192092895508 -0.55000001192092895508 -0.55000001192092895508 -0.55000001192092895508 -0.55000001192092895508 -1.4500000476837158203
0.300 0.300 0.300 0.300 0.300 0.300 0.300 0.300 0.300 0.300 0.300 0.300 0.300 0.300 0.300 0.300 0.300 0.300 0.300 0.300 0.300 0.300 0.300 0.300 0.300 0.300 0.300 0.300 0.300 0.300 0.300 0.300 0.300 0.300 0.300 0.300 0.300 0.300 0.300 0.300 0.300 0.300 0.300 0.300 0.300 0.300 0.300 0.300 0.300 0.300 0.300 0.300 -0.55000001192092895508 -0.55000001192092895508 -0.55000001192092895508 -0.55000001192092895508 -0.55000001192092895508 -1.4500000476837158203
0.300 0.300 0.300 0.300 0.300 0.300 0.300 0.300 0.300 0.300 0.300 0.300 0.300 0.300 0.300 0.300 0.300 0.300 0.300 0.300 0.300 0.300 0.300 0.300 0.300 0.300 0.300 0.300 0.300 0.300 0.300 0.300 0.300 0.300 0.300 0.300 0.300 0.300 0.300 0.300 0.300 0.300 0.300 0.300 0.300 0.300 0.300 0.300 0.300 0.300 0.300 0.300 -0.55000001192092895508 -0.55000001192092895508 -0.55000001192092895508 -0.55000001192092895508 -0.55000001192092895508 -1.4500000476837158203
-3.7699999809265136719 -4.6399998664855957031 -4.6399998664855957031 -4.6399998664855957031 -4.5999999046325683594 -4.5999999046325683594 -4.5999999046325683594 -4.5999999046325683594 -4.5999999046325683594 -4.5999999046325683594 -3.75 -3.75 -3.75 0.300 0.300 0.300 0.300 0.300 0.300 0.300 0.300 0.300 0.300 0.300 0.300 0.300 0.300 0.300 0.300 0.300 0.300 0.300 0.300 0.300 0.300 0.300 0.300 0.300 0.300 0.300 0.300 0.300 0.300 0.300 0.300 0.300 0.300 0.300 0.300 0.300 0.300 0.300 0.300 0.300 0.300 0.300 0.300 -0.87000000476837158203
-4.6399998664855957031 -4.5999999046325683594 -4.5999999046325683594 -4.5999999046325683594 -4.5999999046325683594 -4.5999999046325683594 -3.7699987888336181641 -3.7699987888336181641 -4.5999999046325683594 -4.5999999046325683594 -4.5999999046325683594 -4.5999999046325683594 -4.5999999046325683594 -4.6100001335144042969 -4.6100001335144042969 -4.5999999046325683594 -4.5999999046325683594 -0.18000000715255737305 -0.18000000715255737305 -0.18000000715255737305 0.300 0.300 0.300 0.300 0.300 0.300 0.300 0.300 0.300 0.300 0.300 0.300 0.300 0.300 0.300 0.300 0.300 0.300 0.300 0.300 0.300 0.300 0.300 0.300 0.300 0.300 0.300 0.300 0.300 0.300 0.300 0.300 0.300 0.300 0.300 0.300 0.300 -0.89999997615814208984
-4.6399998664855957031 -4.5999999046325683594 -4.5999999046325683594 -4.5999999046325683594 -4.5999999046325683594 -4.5999999046325683594 -3.7699987888336181641 -3.7699987888336181641 -4.5999999046325683594 -4.5999999046325683594 -4.5999999046325683594 -4.5999999046325683594 -4.5999999046325683594 -4.6100001335144042969 -4.6100001335144042969 -4.5999999046325683594 -4.5999999046325683594 -0.18000000715255737305 -0.18000000715255737305 -0.18000000715255737305 0.300 0.300 0.300 0.300 0.300 0.300 0.019999999552965164185 0.17000000178813934326 0.17000000178813934326 0.300 0.300 0.300 0.300 0.300 0.300 0.300 0.300 0.300 0.300 0.300 0.300 0.300 0.300 0.300 0.300 0.300 0.300 0.300 0.300 0.300 0.300 0.300 0.300 0.300 0.300 0.300 0.300 0.85000002384185791016
-4.6300001144409179688 -4.5999999046325683594 -4.5999999046325683594 -4.5999999046325683594 -4.5999999046325683594 -4.5999999046325683594 -4.5999999046325683594 -4.5999999046325683594 -4.5999999046325683594 -4.5999999046325683594 -4.5999999046325683594 -4.5999999046325683594 -4.5999999046325683594 -4.5999999046325683594 -4.5999999046325683594 -4.5999999046325683594 -4.5999999046325683594 -4.5599999427795410156 -4.5599999427795410156 -4.5599999427795410156 -1.120000004768371582 -1.120000004768371582 0.300 0.300 0.019999999552965164185 0.019999999552965164185 0.019999999552965164185 0.17000000178813934326 0.17000000178813934326 0.300 0.300 0.300 0.300 0.300 0.300 0.300 0.300 0.300 0.300 0.300 0.300 0.300 0.300 0.300 0.300 0.300 0.300 0.300 0.300 0.300 0.300 0.300 0.300 0.300 0.300 0.300 0.300 0.85000002384185791016
-4.6300001144409179688 -4.5999999046325683594 -4.5999999046325683594 -4.5999999046325683594 -4.5999999046325683594 -4.5999999046325683594 -4.5999999046325683594 -4.5999999046325683594 -4.5999999046325683594 -4.5999999046325683594 -4.5999999046325683594 -4.5999999046325683594 -4.5999999046325683594 -4.5999999046325683594 -4.5999999046325683594 -4.5999999046325683594 -4.5999999046325683594 -4.5999999046325683594 -4.5999999046325683594 -4.5999999046325683594 -4.5999999046325683594 -4.5999999046325683594 -3.1300001144409179688 -3.1300001144409179688 -3.8599998950958251953 -3.8599998950958251953 -3.8599998950958251953 -4.3499999046325683594 -4.3499999046325683594 0.300 0.300 0.300 0.300 0.300 0.300 0.300 0.300 0.300 0.300 0.300 0.300 0.300 0.300 0.300 0.300 0.300 0.300 0.300 0.300 0.300 0.300 0.300 0.300 0.300 0.300 0.300 0.300 2.2999999523162841797
-4.659999847412109375 -4.7699999809265136719 -4.7699999809265136719 -4.7699999809265136719 -4.7699999809265136719 -4.7699999809265136719 -5.5300002098083496094 -5.5300002098083496094 -5.5300002098083496094 -5.5300002098083496094 -5.2399997711181640625 -5.2399997711181640625 -5.2399997711181640625 -5.2399997711181640625 -5.2399997711181640625 -4.6500000953674316406 -4.6500000953674316406 -4.6500000953674316406 -4.6500000953674316406 -4.6500000953674316406 -3.8299999237060546875 -3.8299999237060546875 -4.5999999046325683594 -4.5999999046325683594 -4.5999999046325683594 -4.5999999046325683594 -4.5999999046325683594 -4.5999999046325683594 -4.5999999046325683594 -4.5999999046325683594 -4.5999999046325683594 0.72000002861022949219 0.72000002861022949219 0.72000002861022949219 0.85000002384185791016 0.85000002384185791016 0.85000002384185791016 0.85000002384185791016 0.300 0.300 0.300 0.300 0.300 0.300 0.300 0.300 0.300 0.300 0.300 0.300 0.300 0.300 0.300 0.300 0.300 0.300 0.300 2.5999999046325683594
-4.659999847412109375 -4.7699999809265136719 -4.7699999809265136719 -4.7699999809265136719 -4.7699999809265136719 -4.7699999809265136719 -5.5300002098083496094 -5.5300002098083496094 -5.5300002098083496094 -5.5300002098083496094 -5.5300002098083496094 -5.2399997711181640625 -5.2399997711181640625 -5.2399997711181640625 -5.2399997711181640625 -4.6500000953674316406 -4.6500000953674316406 -4.6500000953674316406 -4.6500000953674316406 -4.6500000953674316406 -3.8299999237060546875 -3.8299999237060546875 -4.5999999046325683594 -4.5999999046325683594 -4.5999999046325683594 -4.5999999046325683594 -4.5999999046325683594 -4.5999999046325683594 -4.5999999046325683594 -4.5999999046325683594 -4.5999999046325683594 0.72000002861022949219 0.72000002861022949219 0.72000002861022949219 0.85000002384185791016 0.85000002384185791016 0.85000002384185791016 0.85000002384185791016 0.300 0.300 0.300 0.300 0.300 0.300 0.300 0.300 0.300 0.300 0.300 0.300 0.300 0.300 0.300 0.300 0.300 0.300 0.300 2.5999999046325683594
-4.659999847412109375 -4.7699999809265136719 -4.7699999809265136719 -4.7699999809265136719 -4.7699999809265136719 -4.7699999809265136719 -5.5300002098083496094 -5.5300002098083496094 -5.5300002098083496094 -5.5300002098083496094 -5.5300002098083496094 -5.2399997711181640625 -5.2399997711181640625 -5.2399997711181640625 -5.2399997711181640625 -4.6500000953674316406 -4.6500000953674316406 -4.6500000953674316406 -4.6500000953674316406 -4.6500000953674316406 -3.7699999809265136719 -3.7699999809265136719 -4.6199998855590820312 -4.6199998855590820312 -4.590000152587890625 -4.590000152587890625 -4.590000152587890625 -4.5999999046325683594 -4.5999999046325683594 -4.5999999046325683594 -4.5999999046325683594 -4.5999999046325683594 -4.5999999046325683594 -4.5999999046325683594 0.85000002384185791016 0.85000002384185791016 0.85000002384185791016 0.85000002384185791016 0.300 0.300 0.300 0.300 0.300 0.300 0.300 0.300 0.300 0.300 0.300 0.300 0.300 0.300 0.300 0.300 0.300 0.300 0.300 1.1699999570846557617
-5.0100002288818359375 -5.6399998664855957031 -5.6399998664855957031 -5.6399998664855957031 -5.6399998664855957031 -5.6399998664855957031 -5.6399998664855957031 -5.6399998664855957031 -5.6399998664855957031 -5.6399998664855957031 -5.6399998664855957031 -5.1500000953674316406 -5.1500000953674316406 -5.1500000953674316406 -5.1500000953674316406 -5.1500000953674316406 -5.1500000953674316406 -5.1500000953674316406 -5.1500000953674316406 -5.1500000953674316406 -4.6500000953674316406 -4.6500000953674316406 -4.6500000953674316406 -4.6500000953674316406 -4.6399998664855957031 -4.6399998664855957031 -4.6399998664855957031 -4.6399998664855957031 -4.6399998664855957031 -4.5999999046325683594 -4.5999999046325683594 -4.6500000953674316406 -4.6500000953674316406 -4.6500000953674316406 -4.5999999046325683594 -4.5999999046325683594 0.61000001430511474609 0.61000001430511474609 -0.17000000178813934326 -0.17000000178813934326 -0.17000000178813934326 -0.17000000178813934326 -0.17000000178813934326 0.300 0.300 0.300 0.300 0.300 0.300 0.300 0.300 0.300 0.300 0.300 2.3900001049041748047 2.3900001049041748047 2.3900001049041748047 -1.0900000333786010742
-5.0100002288818359375 -5.6399998664855957031 -5.6399998664855957031 -5.6399998664855957031 -5.6399998664855957031 -5.6399998664855957031 -5.6399998664855957031 -5.6399998664855957031 -5.6399998664855957031 -5.6399998664855957031 -5.6399998664855957031 -5.1500000953674316406 -5.1500000953674316406 -5.1500000953674316406 -5.1500000953674316406 -5.1500000953674316406 -5.1500000953674316406 -5.1500000953674316406 -5.1500000953674316406 -5.1500000953674316406 -4.6500000953674316406 -4.6500000953674316406 -4.6500000953674316406 -4.6500000953674316406 -4.6399998664855957031 -4.6399998664855957031 -4.6399998664855957031 -4.6399998664855957031 -4.6399998664855957031 -4.5999999046325683594 -4.5999999046325683594 -4.6500000953674316406 -4.6500000953674316406 -4.5999999046325683594 -4.6399998664855957031 -4.6399998664855957031 -4.5999999046325683594 -4.5999999046325683594 -0.17000000178813934326 -0.17000000178813934326 -0.17000000178813934326 -0.17000000178813934326 -0.17000000178813934326 0.300 0.300 0.300 0.300 0.300 0.300 0.300 0.300 0.300 0.300 0.300 -1.870000004768371582 -1.870000004768371582 -1.870000004768371582 -1.879999995231628418
-5.0100002288818359375 -5.6399998664855957031 -5.6399998664855957031 -5.6399998664855957031 -5.6399998664855957031 -5.6399998664855957031 -5.6399998664855957031 -5.6399998664855957031 -5.6399998664855957031 -5.6399998664855957031 -5.6399998664855957031 -5.1500000953674316406 -5.1500000953674316406 -5.1500000953674316406 -5.1500000953674316406 -5.1500000953674316406 -5.1500000953674316406 -5.1500000953674316406 -5.1500000953674316406 -5.1500000953674316406 -4.6500000953674316406 -4.6500000953674316406 -4.6500000953674316406 -4.6500000953674316406 -4.6399998664855957031 -4.6399998664855957031 -4.6399998664855957031 -4.6399998664855957031 -4.6399998664855957031 -4.6100001335144042969 -4.6100001335144042969 -4.5999999046325683594 -4.5999999046325683594 -4.5999999046325683594 -4.6399998664855957031 -4.6399998664855957031 -4.5999999046325683594 -4.5999999046325683594 -0.17000000178813934326 -0.17000000178813934326 -0.17000000178813934326 -0.17000000178813934326 -0.17000000178813934326 0.300 0.300 0.300 0.300 0.300 0.300 0.300 0.300 0.300 0.300 0.300 -1.870000004768371582 -1.870000004768371582 -1.870000004768371582 -1.879999995231628418
-5.0100002288818359375 -5.6399998664855957031 -5.6399998664855957031 -5.6399998664855957031 -5.6399998664855957031 -5.6399998664855957031 -5.6399998664855957031 -5.6399998664855957031 -5.6399998664855957031 -5.6399998664855957031 -5.6399998664855957031 -5.1500000953674316406 -5.1500000953674316406 -5.1500000953674316406 -5.1500000953674316406 -5.1500000953674316406 -5.1500000953674316406 -5.1500000953674316406 -5.1500000953674316406 -5.1500000953674316406 -4.7399997711181640625 -4.7399997711181640625 -4.7399997711181640625 -4.7399997711181640625 -4.659999847412109375 -4.659999847412109375 -4.659999847412109375 -4.659999847412109375 -4.659999847412109375 -4.5999999046325683594 -4.5999999046325683594 -4.5999999046325683594 -4.5999999046325683594 -4.5999999046325683594 -4.5999999046325683594 -4.5999999046325683594 -4.5999999046325683594 -4.5999999046325683594 -3.3699998855590820312 -3.3699998855590820312 -3.3699998855590820312 0.300 0.300 0.300 0.300 0.300 0.300 0.300 0.300 0.300 2.1400001049041748047 2.1400001049041748047 -2.0199999809265136719 -2.0199999809265136719 -3.0999999046325683594 -3.0999999046325683594 -3.0999999046325683594 -1.9299999475479125977
-5.0100002288818359375 -5.6399998664855957031 -5.6399998664855957031 -5.6399998664855957031 -5.6399998664855957031 -5.6399998664855957031 -5.6399998664855957031 -5.6399998664855957031 -5.6399998664855957031 -5.6399998664855957031 -5.6399998664855957031 -5.1500000953674316406 -5.1500000953674316406 -5.1500000953674316406 -5.1500000953674316406 -5.1500000953674316406 -5.1500000953674316406 -5.1500000953674316406 -5.1500000953674316406 -5.1500000953674316406 -4.7399997711181640625 -4.7399997711181640625 -4.7399997711181640625 -4.7399997711181640625 -4.659999847412109375 -4.659999847412109375 -4.659999847412109375 -4.659999847412109375 -4.659999847412109375 -4.5999999046325683594 -4.5999999046325683594 -4.5999999046325683594 -4.5999999046325683594 -4.5999999046325683594 -4.3499999046325683594 -4.3499999046325683594 -4.5999999046325683594 -4.5999999046325683594 -3.0799999237060546875 -3.0799999237060546875 -3.0799999237060546875 0.300 0.300 0.300 0.300 0.300 0.300 0.75999999046325683594 0.75999999046325683594 0.75999999046325683594 -1.870000004768371582 -1.870000004768371582 -1.870000004768371582 -1.870000004768371582 -1.870000004768371582 -1.870000004768371582 -1.870000004768371582 -1.9299999475479125977
-5.0100002288818359375 -5.6399998664855957031 -5.6399998664855957031 -5.6399998664855957031 -5.6399998664855957031 -5.6399998664855957031 -5.6399998664855957031 -5.6399998664855957031 -5.6399998664855957031 -5.6399998664855957031 -5.6399998664855957031 -5.1500000953674316406 -5.1500000953674316406 -5.1500000953674316406 -5.1500000953674316406 -5.1500000953674316406 -5.1500000953674316406 -5.1500000953674316406 -5.1500000953674316406 -5.1500000953674316406 -4.7399997711181640625 -4.7399997711181640625 -4.7399997711181640625 -4.7399997711181640625 -4.659999847412109375 -4.659999847412109375 -4.659999847412109375 -4.659999847412109375 -4.659999847412109375 -4.5999999046325683594 -4.5999999046325683594 -4.5999999046325683594 -4.5999999046325683594 -4.5999999046325683594 -4.3499999046325683594 -4.3499999046325683594 -4.5999999046325683594 -4.5999999046325683594 -3.0799999237060546875 -3.0799999237060546875 -3.0799999237060546875 0.300 0.300 0.300 0.300 0.300 0.300 0.75999999046325683594 0.75999999046325683594 0.75999999046325683594 -1.870000004768371582 -1.870000004768371582 -1.870000004768371582 -1.870000004768371582 -1.870000004768371582 -1.870000004768371582 -1.870000004768371582 -1.9299999475479125977
-4.6500000953674316406 -4.909999847412109375 -4.909999847412109375 -4.909999847412109375 -4.909999847412109375 -4.909999847412109375 -4.9499998092651367188 -4.9499998092651367188 -4.9499998092651367188 -4.9499998092651367188 -4.9499998092651367188 -4.8800001144409179688 -4.8800001144409179688 -4.8800001144409179688 -4.8800001144409179688 -4.8299999237060546875 -4.8299999237060546875 -4.8299999237060546875 -4.8299999237060546875 -4.8299999237060546875 -4.5999999046325683594 -4.5999999046325683594 -4.7699999809265136719 -4.7699999809265136719 -4.6199998855590820312 -4.6199998855590820312 -4.6199998855590820312 -4.6199998855590820312 -4.6199998855590820312 -4.5999999046325683594 -4.5999999046325683594 -4.5999999046325683594 -4.5999999046325683594 -4.5999999046325683594 -4.6100001335144042969 -4.6100001335144042969 -4.5999999046325683594 -4.5999999046325683594 -2.7000000476837158203 -2.7000000476837158203 -2.7000000476837158203 -1.870000004768371582 -1.870000004768371582 -1.870000004768371582 -1.870000004768371582 -1.870000004768371582 -1.870000004768371582 -1.870000004768371582 -1.870000004768371582 -1.870000004768371582 -1.870000004768371582 -1.870000004768371582 -1.870000004768371582 -1.870000004768371582 -1.870000004768371582 -1.870000004768371582 -1.870000004768371582 -4.0999999046325683594
