data/demo/waterlevel_360min_40x40m.asc
ncols        561
nrows        278
xllcorner    4.817258165162
yllcorner    52.370746892638
cellsize     0.000511251697
NODATA_value  -9999
[rows 168 to 188 of 278, columns 460 to 505 of 561]
-0.85999900102615356445 -0.85999900102615356445 -0.85751903057098388672 -0.85707205533981323242 -0.85707205533981323242 -0.85708844661712646484 -0.85692805051803588867 -0.85499942302703857422 -0.85499942302703857422 -0.85144829750061035156 -0.85144829750061035156 -0.84541606903076171875 -0.84541606903076171875 -0.84541606903076171875 -0.83761399984359741211 -0.83761399984359741211 -0.82787060737609863281 -0.82787060737609863281 -0.82787060737609863281 -0.82787060737609863281 -0.82787060737609863281 -0.8123009800910949707 -0.8123009800910949707 -0.8123009800910949707 -0.8123009800910949707 -0.8123009800910949707 -0.8123009800910949707 -0.8123009800910949707 -0.8123009800910949707 -0.8123009800910949707 -0.78023016452789306641 -0.78023016452789306641 -0.78023016452789306641 -0.78023016452789306641 -0.76948577165603637695 -0.76948577165603637695 -0.76948577165603637695 -0.76948577165603637695 -0.76948577165603637695 -0.77071756124496459961 -0.77071756124496459961 -0.77071756124496459961 -0.77071756124496459961 -0.77071756124496459961 -0.34999999403953552246 -0.34999999403953552246
-0.85999900102615356445 -0.85999900102615356445 -0.85829448699951171875 -0.85746747255325317383 -0.85746747255325317383 -0.85685867071151733398 -0.85668426752090454102 -0.85499942302703857422 -0.85499942302703857422 -0.85144829750061035156 -0.85144829750061035156 -0.84541606903076171875 -0.84541606903076171875 -0.84541606903076171875 -0.83761399984359741211 -0.83761399984359741211 -0.82787060737609863281 -0.82787060737609863281 -0.82787060737609863281 -0.82787060737609863281 -0.82787060737609863281 -0.8123009800910949707 -0.8123009800910949707 -0.8123009800910949707 -0.8123009800910949707 -0.8123009800910949707 -0.8123009800910949707 -0.8123009800910949707 -0.8123009800910949707 -0.8123009800910949707 -0.78023016452789306641 -0.78023016452789306641 -0.78023016452789306641 -0.78023016452789306641 -0.76948577165603637695 -0.76948577165603637695 -0.76948577165603637695 -0.76948577165603637695 -0.76948577165603637695 -0.77071756124496459961 -0.77071756124496459961 -0.77071756124496459961 -0.77071756124496459961 -0.77071756124496459961 -0.34999999403953552246 -0.34999999403953552246
-0.86324250698089599609 -0.86324250698089599609 -0.85843545198440551758 -0.85843545198440551758 -0.85843545198440551758 -0.85649210214614868164 -0.85649210214614868164 -0.85100758075714111328 -0.85100758075714111328 -0.85100758075714111328 -0.85100758075714111328 -0.84056383371353149414 -0.84056383371353149414 -0.84056383371353149414 -0.84056383371353149414 -0.84056383371353149414 -0.82378548383712768555 -0.82378548383712768555 -0.82378548383712768555 -0.82378548383712768555 -0.82378548383712768555 -0.79447013139724731445 -0.79447013139724731445 -0.79447013139724731445 -0.79447013139724731445 -0.79447013139724731445 -0.79447013139724731445 -0.79447013139724731445 -0.79447013139724731445 -0.79447013139724731445 -0.7372074127197265625 -0.7372074127197265625 -0.7372074127197265625 -0.7372074127197265625 -0.7372074127197265625 -0.7372074127197265625 -0.7372074127197265625 -0.7372074127197265625 -0.7372074127197265625 -0.74701297283172607422 -0.74701297283172607422 -0.74701297283172607422 -0.74701297283172607422 -0.74701297283172607422 -0.74701297283172607422 -0.74701297283172607422
-0.86324250698089599609 -0.86324250698089599609 -0.85853302478790283203 -0.85853302478790283203 -0.85853302478790283203 -0.85592997074127197266 -0.85592997074127197266 -0.85100758075714111328 -0.85100758075714111328 -0.85100758075714111328 -0.85100758075714111328 -0.84056383371353149414 -0.84056383371353149414 -0.84056383371353149414 -0.84056383371353149414 -0.84056383371353149414 -0.82378548383712768555 -0.82378548383712768555 -0.82378548383712768555 -0.82378548383712768555 -0.82378548383712768555 -0.79447013139724731445 -0.79447013139724731445 -0.79447013139724731445 -0.79447013139724731445 -0.79447013139724731445 -0.79447013139724731445 -0.79447013139724731445 -0.79447013139724731445 -0.79447013139724731445 -0.7372074127197265625 -0.7372074127197265625 -0.7372074127197265625 -0.7372074127197265625 -0.7372074127197265625 -0.7372074127197265625 -0.7372074127197265625 -0.7372074127197265625 -0.7372074127197265625 -0.74701297283172607422 -0.74701297283172607422 -0.74701297283172607422 -0.74701297283172607422 -0.74701297283172607422 -0.74701297283172607422 -0.74701297283172607422
-0.86324250698089599609 -0.86324250698089599609 -0.85853302478790283203 -0.85853302478790283203 -0.85853302478790283203 -0.85592997074127197266 -0.85592997074127197266 -0.85100758075714111328 -0.85100758075714111328 -0.85100758075714111328 -0.85100758075714111328 -0.84056383371353149414 -0.84056383371353149414 -0.84056383371353149414 -0.84056383371353149414 -0.84056383371353149414 -0.82378548383712768555 -0.82378548383712768555 -0.82378548383712768555 -0.82378548383712768555 -0.82378548383712768555 -0.79447013139724731445 -0.79447013139724731445 -0.79447013139724731445 -0.79447013139724731445 -0.79447013139724731445 -0.79447013139724731445 -0.79447013139724731445 -0.79447013139724731445 -0.79447013139724731445 -0.7372074127197265625 -0.7372074127197265625 -0.7372074127197265625 -0.7372074127197265625 -0.7372074127197265625 -0.7372074127197265625 -0.7372074127197265625 -0.7372074127197265625 -0.7372074127197265625 -0.74701297283172607422 -0.74701297283172607422 -0.74701297283172607422 -0.74701297283172607422 -0.74701297283172607422 -0.74701297283172607422 -0.74701297283172607422
-0.86497342586517333984 -0.86497342586517333984 -0.85627287626266479492 -0.85627287626266479492 -0.85627287626266479492 -0.85627287626266479492 -0.85627287626266479492 -0.85072195529937744141 -0.85072195529937744141 -0.85072195529937744141 -0.85072195529937744141 -0.85072195529937744141 -0.8419736027717590332 -0.8419736027717590332 -0.8419736027717590332 -0.8419736027717590332 -0.82899785041809082031 -0.82899785041809082031 -0.82899785041809082031 -0.82899785041809082031 -0.82899785041809082031 -0.79447013139724731445 -0.79447013139724731445 -0.79447013139724731445 -0.79447013139724731445 -0.79447013139724731445 -0.79447013139724731445 -0.79447013139724731445 -0.79447013139724731445 -0.79447013139724731445 -0.7372074127197265625 -0.7372074127197265625 -0.7372074127197265625 -0.7372074127197265625 -0.7372074127197265625 -0.7372074127197265625 -0.7372074127197265625 -0.7372074127197265625 -0.7372074127197265625 -0.74701297283172607422 -0.74701297283172607422 -0.74701297283172607422 -0.74701297283172607422 -0.74701297283172607422 -0.74701297283172607422 -0.74701297283172607422
-0.86497342586517333984 -0.86497342586517333984 -0.85627287626266479492 -0.85627287626266479492 -0.85627287626266479492 -0.85627287626266479492 -0.85627287626266479492 -0.85072195529937744141 -0.85072195529937744141 -0.85072195529937744141 -0.85072195529937744141 -0.85072195529937744141 -0.8419736027717590332 -0.8419736027717590332 -0.8419736027717590332 -0.8419736027717590332 -0.82899785041809082031 -0.82899785041809082031 -0.82899785041809082031 -0.82899785041809082031 -0.82899785041809082031 -0.79447013139724731445 -0.79447013139724731445 -0.79447013139724731445 -0.79447013139724731445 -0.79447013139724731445 -0.79447013139724731445 -0.79447013139724731445 -0.79447013139724731445 -0.79447013139724731445 -0.7372074127197265625 -0.7372074127197265625 -0.7372074127197265625 -0.7372074127197265625 -0.7372074127197265625 -0.7372074127197265625 -0.7372074127197265625 -0.7372074127197265625 -0.7372074127197265625 -0.74701297283172607422 -0.74701297283172607422 -0.74701297283172607422 -0.74701297283172607422 -0.74701297283172607422 -0.74701297283172607422 -0.74701297283172607422
-0.86868309974670410156 -0.86868309974670410156 -0.85452830791473388672 -0.85452830791473388672 -0.85452830791473388672 -0.85452830791473388672 -0.85452830791473388672 -0.85452830791473388672 -0.85452830791473388672 -0.85452830791473388672 -0.85452830791473388672 -0.85452830791473388672 -0.84414315223693847656 -0.84414315223693847656 -0.84414315223693847656 -0.84414315223693847656 -0.83426874876022338867 -0.83426874876022338867 -0.83426874876022338867 -0.83426874876022338867 -0.83426874876022338867 -0.81976735591888427734 -0.81976735591888427734 -0.81976735591888427734 -0.81976735591888427734 -0.75429803133010864258 -0.75429803133010864258 -0.75429803133010864258 -0.75429803133010864258 -0.75429803133010864258 -0.6597194671630859375 -0.6597194671630859375 -0.6597194671630859375 -0.6597194671630859375 -0.6597194671630859375 -0.55621087551116943359 -0.55621087551116943359 -0.55621087551116943359 -0.55621087551116943359 -0.55129534006118774414 -0.55129534006118774414 -0.55129534006118774414 -0.55129534006118774414 -0.55129534006118774414 -9999 -9999
-0.86868309974670410156 -0.86868309974670410156 -0.85452830791473388672 -0.85452830791473388672 -0.85452830791473388672 -0.85452830791473388672 -0.85452830791473388672 -0.85452830791473388672 -0.85452830791473388672 -0.85452830791473388672 -0.85452830791473388672 -0.85452830791473388672 -0.84414315223693847656 -0.84414315223693847656 -0.84414315223693847656 -0.84414315223693847656 -0.83426874876022338867 -0.83426874876022338867 -0.83426874876022338867 -0.83426874876022338867 -0.83426874876022338867 -0.81976735591888427734 -0.81976735591888427734 -0.81976735591888427734 -0.81976735591888427734 -0.75429803133010864258 -0.75429803133010864258 -0.75429803133010864258 -0.75429803133010864258 -0.75429803133010864258 -0.6597194671630859375 -0.6597194671630859375 -0.6597194671630859375 -0.6597194671630859375 -0.6597194671630859375 -0.55621087551116943359 -0.55621087551116943359 -0.55621087551116943359 -0.55621087551116943359 -0.55129534006118774414 -0.55129534006118774414 -0.55129534006118774414 -0.55129534006118774414 -0.55129534006118774414 -9999 -9999
-0.86868309974670410156 -0.86868309974670410156 -0.85452830791473388672 -0.85452830791473388672 -0.85452830791473388672 -0.85452830791473388672 -0.85452830791473388672 -0.85452830791473388672 -0.85452830791473388672 -0.85452830791473388672 -0.85452830791473388672 -0.85452830791473388672 -0.84414315223693847656 -0.84414315223693847656 -0.84414315223693847656 -0.84414315223693847656 -0.83426874876022338867 -0.83426874876022338867 -0.83426874876022338867 -0.83426874876022338867 -0.83426874876022338867 -0.81976735591888427734 -0.81976735591888427734 -0.81976735591888427734 -0.81976735591888427734 -0.75429803133010864258 -0.75429803133010864258 -0.75429803133010864258 -0.75429803133010864258 -0.75429803133010864258 -0.6597194671630859375 -0.6597194671630859375 -0.6597194671630859375 -0.6597194671630859375 -0.6597194671630859375 -0.55621087551116943359 -0.55621087551116943359 -0.55621087551116943359 -0.55621087551116943359 -0.55129534006118774414 -0.55129534006118774414 -0.55129534006118774414 -0.55129534006118774414 -0.55129534006118774414 -9999 -9999
-0.86868309974670410156 -0.86868309974670410156 -0.85452830791473388672 -0.85452830791473388672 -0.85452830791473388672 -0.85452830791473388672 -0.85452830791473388672 -0.85452830791473388672 -0.85452830791473388672 -0.85452830791473388672 -0.85452830791473388672 -0.85452830791473388672 -0.84622722864151000977 -0.84622722864151000977 -0.84622722864151000977 -0.84622722864151000977 -0.83557158708572387695 -0.83557158708572387695 -0.83557158708572387695 -0.83557158708572387695 -0.83557158708572387695 -0.82806199789047241211 -0.82806199789047241211 -0.82576674222946166992 -0.82576674222946166992 -0.78816556930541992188 -0.78816556930541992188 -0.78816556930541992188 -0.76434510946273803711 -0.76434510946273803711 -0.72911715507507324219 -0.72911715507507324219 -0.61191087961196899414 -0.61191087961196899414 -0.61191087961196899414 -0.44617074728012084961 -0.44617074728012084961 -0.29756379127502441406 -0.29756379127502441406 -0.2166830599308013916 -0.2166830599308013916 -0.2166830599308013916 -0.2166830599308013916 -0.2166830599308013916 -9999 -9999
-0.86868309974670410156 -0.86868309974670410156 -0.85452830791473388672 -0.85452830791473388672 -0.85452830791473388672 -0.85452830791473388672 -0.85452830791473388672 -0.85452830791473388672 -0.85452830791473388672 -0.85452830791473388672 -0.85452830791473388672 -0.85452830791473388672 -0.84622722864151000977 -0.84622722864151000977 -0.84622722864151000977 -0.84622722864151000977 -0.83557158708572387695 -0.83557158708572387695 -0.83557158708572387695 -0.83557158708572387695 -0.83557158708572387695 -0.82806199789047241211 -0.82806199789047241211 -0.82576674222946166992 -0.82576674222946166992 -0.78816556930541992188 -0.78816556930541992188 -0.78816556930541992188 -0.76434510946273803711 -0.76434510946273803711 -0.72911715507507324219 -0.72911715507507324219 -0.61191087961196899414 -0.61191087961196899414 -0.61191087961196899414 -0.58683806657791137695 -0.58683806657791137695 -0.06861896812915802002 -0.06861896812915802002 -0.2166830599308013916 -0.2166830599308013916 -0.2166830599308013916 -0.2166830599308013916 -0.2166830599308013916 -9999 -9999
-0.86868309974670410156 -0.86868309974670410156 -0.85452830791473388672 -0.85452830791473388672 -0.85452830791473388672 -0.85452830791473388672 -0.85452830791473388672 -0.85452830791473388672 -0.85452830791473388672 -0.85452830791473388672 -0.85452830791473388672 -0.85452830791473388672 -0.84622722864151000977 -0.84622722864151000977 -0.84622722864151000977 -0.84622722864151000977 -0.83557158708572387695 -0.83557158708572387695 -0.83557158708572387695 -0.83557158708572387695 -0.83557158708572387695 -0.82936179637908935547 -0.82936179637908935547 -0.82973384857177734375 -0.82973384857177734375 -0.81492966413497924805 -0.81492966413497924805 -0.81492966413497924805 -0.79914247989654541016 -0.79914247989654541016 -0.77626097202301025391 -0.77626097202301025391 -0.72551548480987548828 -0.72551548480987548828 -0.72551548480987548828 -0.58683806657791137695 -0.58683806657791137695 -0.06861896812915802002 -0.06861896812915802002 -0.2166830599308013916 -0.2166830599308013916 -0.2166830599308013916 -0.2166830599308013916 -0.2166830599308013916 -9999 -9999
-0.86563026905059814453 -0.86563026905059814453 -0.85857886075973510742 -0.85857886075973510742 -0.85857886075973510742 -0.85857886075973510742 -0.85857886075973510742 -0.85496371984481811523 -0.85496371984481811523 -0.85496371984481811523 -0.85496371984481811523 -0.85496371984481811523 -0.84904247522354125977 -0.84904247522354125977 -0.84904247522354125977 -0.84904247522354125977 -0.83968013525009155273 -0.83968013525009155273 -0.83483535051345825195 -0.83483535051345825195 -0.83483535051345825195 -0.8299128413200378418 -0.8299128413200378418 -0.82796645164489746094 -0.82076275348663330078 -0.82327693700790405273 -0.82327693700790405273 -0.8252468109130859375 -0.82764929533004760742 -0.83341693878173828125 -0.85577386617660522461 -0.84163576364517211914 -0.75651067495346069336 -0.78947222232818603516 -0.78947222232818603516 -0.60521560907363891602 -0.39235201478004455566 -0.21261270344257354736 -0.21261270344257354736 -0.20336362719535827637 -0.20336362719535827637 -0.20336362719535827637 -0.20336362719535827637 -0.20336362719535827637 -9999 -9999
-0.86563026905059814453 -0.86563026905059814453 -0.85857886075973510742 -0.85857886075973510742 -0.85857886075973510742 -0.85857886075973510742 -0.85857886075973510742 -0.85496371984481811523 -0.85496371984481811523 -0.85496371984481811523 -0.85496371984481811523 -0.85496371984481811523 -0.84904247522354125977 -0.84904247522354125977 -0.84904247522354125977 -0.84904247522354125977 -0.84308570623397827148 -0.84308570623397827148 -0.83677923679351806641 -0.83677923679351806641 -0.83677923679351806641 -0.82946658134460449219 -0.82748049497604370117 -0.82462394237518310547 -0.82436513900756835938 -0.826885223388671875 -0.826885223388671875 -0.826885223388671875 -0.82876545190811157227 -0.82876545190811157227 -0.83316534757614135742 -0.83316534757614135742 -0.82573986053466796875 -0.86847645044326782227 -0.86847645044326782227 -0.81883656978607177734 -0.60957032442092895508 -0.24362409114837646484 -0.24362409114837646484 -0.20336362719535827637 -0.20336362719535827637 -0.20336362719535827637 -0.20336362719535827637 -0.20336362719535827637 -9999 -9999
-0.86563026905059814453 -0.86563026905059814453 -0.85857886075973510742 -0.85857886075973510742 -0.85857886075973510742 -0.85857886075973510742 -0.85857886075973510742 -0.85496371984481811523 -0.85496371984481811523 -0.85496371984481811523 -0.85496371984481811523 -0.85496371984481811523 -0.84904247522354125977 -0.84904247522354125977 -0.84904247522354125977 -0.84904247522354125977 -0.84308570623397827148 -0.84308570623397827148 -0.83677923679351806641 -0.83677923679351806641 -0.83677923679351806641 -0.82785958051681518555 -0.82614105939865112305 -0.82654988765716552734 -0.8263155817985534668 -0.826885223388671875 -0.826885223388671875 -0.826885223388671875 -0.82876545190811157227 -0.82876545190811157227 -0.83316534757614135742 -0.83316534757614135742 -0.84028172492980957031 -0.84528577327728271484 -0.84528577327728271484 -0.84747958183288574219 -0.21999999880790710449 -0.24362409114837646484 -0.24362409114837646484 -0.20336362719535827637 -0.20336362719535827637 -0.20336362719535827637 -0.20336362719535827637 -0.20336362719535827637 -9999 -9999
-0.86607754230499267578 -0.86607754230499267578 -0.86083257198333740234 -0.86083257198333740234 -0.86083257198333740234 -0.85798174142837524414 -0.85798174142837524414 -0.85531097650527954102 -0.85531097650527954102 -0.85378509759902954102 -0.85378509759902954102 -0.85378509759902954102 -0.85111343860626220703 -0.85111343860626220703 -0.84960085153579711914 -0.84960085153579711914 -0.84543323516845703125 -0.84543323516845703125 -0.84235978126525878906 -0.84235978126525878906 -0.83366191387176513672 -0.82788312435150146484 -0.82904255390167236328 -0.82870841026306152344 -0.82870841026306152344 -0.83010715246200561523 -0.83010715246200561523 -0.83010715246200561523 -0.83413720130920410156 -0.83413720130920410156 -0.83441913127899169922 -0.83465898036956787109 -0.83567732572555541992 -0.83705979585647583008 -0.83705979585647583008 -0.31000000238418579102 -0.31000000238418579102 -9999 -9999 -9999 -9999 -9999 -9999 -9999 -9999 -9999
-0.86607754230499267578 -0.86607754230499267578 -0.86177158355712890625 -0.86177158355712890625 -0.86177158355712890625 -0.85845202207565307617 -0.85845202207565307617 -0.85612136125564575195 -0.85429400205612182617 -0.85356694459915161133 -0.85208094120025634766 -0.85208094120025634766 -0.85152685642242431641 -0.85042822360992431641 -0.85066115856170654297 -0.85184174776077270508 -0.85021811723709106445 -0.84595084190368652344 -0.84277719259262084961 -0.84277719259262084961 -0.82984906435012817383 -0.83121418952941894531 -0.83121418952941894531 -0.83147835731506347656 -0.83147835731506347656 -0.83334028720855712891 -0.83334028720855712891 -0.83334028720855712891 -0.83488821983337402344 -0.83370560407638549805 -0.83293122053146362305 -0.83378642797470092773 -0.83267331123352050781 -0.83267331123352050781 -0.83267331123352050781 -9999 -9999 -9999 -9999 -9999 -9999 -9999 -9999 -9999 -9999 -9999
-0.86607754230499267578 -0.86607754230499267578 -0.86177158355712890625 -0.86177158355712890625 -0.86177158355712890625 -0.85845202207565307617 -0.85845202207565307617 -0.85441088676452636719 -0.85522902011871337891 -0.85144317150115966797 -0.85157257318496704102 -0.85157257318496704102 -0.85138058662414550781 -0.85063850879669189453 -0.85071390867233276367 -0.85118281841278076172 -0.85364639759063720703 -0.8488292694091796875 -0.83992743492126464844 -0.83992743492126464844 -0.83378452062606811523 -0.83121418952941894531 -0.83121418952941894531 -0.83147835731506347656 -0.83147835731506347656 -0.83334028720855712891 -0.83334028720855712891 -0.83334028720855712891 -0.83399891853332519531 -0.83348727226257324219 -0.83316224813461303711 -0.83344781398773193359 -0.83267331123352050781 -0.83267331123352050781 -0.83267331123352050781 -9999 -9999 -9999 -9999 -9999 -9999 -9999 -9999 -9999 -9999 -9999
-0.86735373735427856445 -0.86735373735427856445 -0.86577773094177246094 -0.86577773094177246094 -0.86274451017379760742 -0.85741335153579711914 -0.85591322183609008789 -0.85533487796783447266 -0.85482704639434814453 -0.85276067256927490234 -0.85276067256927490234 -0.85276067256927490234 -0.85110044479370117188 -0.85110044479370117188 -0.8500983119010925293 -0.8500983119010925293 -0.84793210029602050781 -0.85029262304306030273 -0.85029262304306030273 -0.84152835607528686523 -0.83658522367477416992 -0.83348047733306884766 -0.83348047733306884766 -0.83310312032699584961 -0.83310312032699584961 -0.83435750007629394531 -0.83435750007629394531 -0.83435750007629394531 -0.83335775136947631836 -0.83286875486373901367 -0.83294695615768432617 -0.83294695615768432617 -9999 -9999 -9999 -9999 -9999 -9999 -9999 -9999 -9999 -9999 -9999 -9999 -9999 -9999
-0.86808192729949951172 -0.86483007669448852539 -0.86743807792663574219 -0.86743807792663574219 -0.86450761556625366211 -0.86023437976837158203 -0.86023437976837158203 -0.85754132270812988281 -0.85754132270812988281 -0.85453635454177856445 -0.85453635454177856445 -0.85453635454177856445 -0.85092395544052124023 -0.85092395544052124023 -0.84816920757293701172 -0.84816920757293701172 -0.84406000375747680664 -0.84406000375747680664 -0.84406000375747680664 -0.83876299858093261719 -0.83876299858093261719 -0.83551514148712158203 -0.83551514148712158203 -0.83428049087524414062 -0.83428049087524414062 -0.83399105072021484375 -0.83399105072021484375 -0.83399105072021484375 -0.83350038528442382812 -0.83305197954177856445 -0.83309543132781982422 -0.83309543132781982422 -9999 -9999 -9999 -9999 -9999 -9999 -9999 -9999 -9999 -9999 -9999 -9999 -9999 -9999
