data/demo/waterlevel_60min_40x40m.asc
ncols        561
nrows        278
xllcorner    4.817258165162
yllcorner    52.370746892638
cellsize     0.000511251697
NODATA_value  -9999
[rows 42 to 62 of 278, columns 235 to 281 of 561]
-2.4000000953674316406 -2.4000000953674316406 -2.4000000953674316406 -2.4000000953674316406 -2.4000000953674316406 -3.7200000286102294922 -3.7200000286102294922 -3.7200000286102294922 -3.7200000286102294922 -3.7200000286102294922 -3.7200000286102294922 -3.7200000286102294922 -3.7200000286102294922 -3.7200000286102294922 -2.4600000381469726562 -2.4600000381469726562 -2.4600000381469726562 -2.4600000381469726562 -2.4600000381469726562 -1.1699999570846557617 -1.1699999570846557617 -1.5599999427795410156 -1.5599999427795410156 -1.5599999427795410156 -1.8099999427795410156 -1.8099999427795410156 -0.94999998807907104492 -0.94999998807907104492 -1.8099999427795410156 -1.8099999427795410156 -1.8099999427795410156 -1.8099999427795410156 -1.8099999427795410156 -1.3300000429153442383 -1.3300000429153442383 -1.3300000429153442383 -1.3300000429153442383 -1.8099999427795410156 -1.8099999427795410156 -1.8099999427795410156 -1.1000000238418579102 -1.1000000238418579102 -0.5 -0.5 -0.5 -0.5 -0.5
-2.4000000953674316406 -2.4000000953674316406 -2.4000000953674316406 -2.4000000953674316406 -2.4000000953674316406 -3.7200000286102294922 -3.7200000286102294922 -3.7200000286102294922 -3.7200000286102294922 -3.7200000286102294922 -3.7200000286102294922 -3.7200000286102294922 -3.7200000286102294922 -3.7200000286102294922 -2.4600000381469726562 -2.4600000381469726562 -2.4600000381469726562 -2.4600000381469726562 -2.4600000381469726562 -1.1699999570846557617 -1.1699999570846557617 -1.5599999427795410156 -1.5599999427795410156 -1.5599999427795410156 -1.8099999427795410156 -1.8099999427795410156 -0.94999998807907104492 -0.94999998807907104492 -1.8099999427795410156 -1.8099999427795410156 -1.8099999427795410156 -1.8099999427795410156 -1.8099999427795410156 -1.3300000429153442383 -1.3300000429153442383 -1.3300000429153442383 -1.3300000429153442383 -1.8099999427795410156 -1.8099999427795410156 -1.8099999427795410156 -1.1000000238418579102 -1.1000000238418579102 -0.5 -0.5 -0.5 -0.5 -0.5
-2.4000000953674316406 -2.4000000953674316406 -2.4000000953674316406 -2.4000000953674316406 -2.4000000953674316406 -3.7200000286102294922 -3.7200000286102294922 -3.7200000286102294922 -3.7200000286102294922 -3.7200000286102294922 -3.7200000286102294922 -3.7200000286102294922 -3.7200000286102294922 -3.7200000286102294922 -2.4700000286102294922 -2.4700000286102294922 -2.4700000286102294922 -2.4700000286102294922 -2.4700000286102294922 -1.1799999475479125977 -1.1799999475479125977 -1.5599999427795410156 -1.5599999427795410156 -1.5599999427795410156 -1.8099999427795410156 -1.8099999427795410156 -0.88999998569488525391 -0.88999998569488525391 -1.8099460601806640625 -1.8099460601806640625 -1.8099460601806640625 -1.8099460601806640625 -1.8099460601806640625 -1 -1 -1.0599999427795410156 -1.0599999427795410156 -1.8099999427795410156 -1.8099999427795410156 -1.8099999427795410156 -0.5 -0.5 -9999 -9999 -9999 -9999 -9999
-2.4000000953674316406 -2.4000000953674316406 -2.4000000953674316406 -2.4000000953674316406 -2.4000000953674316406 -3.7200000286102294922 -3.7200000286102294922 -3.7200000286102294922 -3.7200000286102294922 -3.7200000286102294922 -3.7200000286102294922 -3.7200000286102294922 -3.7200000286102294922 -3.7200000286102294922 -2.4700000286102294922 -2.4700000286102294922 -2.4700000286102294922 -2.4700000286102294922 -2.4700000286102294922 -1.1799999475479125977 -1.1799999475479125977 -1.5599999427795410156 -1.5599999427795410156 -1.5599999427795410156 -1.8099999427795410156 -1.8099999427795410156 -1.8099744319915771484 -1.8099744319915771484 -1.8099460601806640625 -1.8099460601806640625 -1.8099460601806640625 -1.8099460601806640625 -1.8099460601806640625 -1.0299999713897705078 -1.0299999713897705078 -1.8099999427795410156 -1.8099999427795410156 -1.8099999427795410156 -1.8099999427795410156 -1.8099999427795410156 -9999 -9999 -9999 -9999 -9999 -9999 -9999
-2.4000000953674316406 -2.4000000953674316406 -2.4000000953674316406 -2.4000000953674316406 -2.4000000953674316406 -3.7200000286102294922 -3.7200000286102294922 -3.7200000286102294922 -3.7200000286102294922 -3.7200000286102294922 -3.7200000286102294922 -3.7200000286102294922 -3.7200000286102294922 -3.7200000286102294922 -2.4700000286102294922 -2.4700000286102294922 -2.4700000286102294922 -2.4700000286102294922 -2.4700000286102294922 -1.1799999475479125977 -1.1799999475479125977 -1.5599999427795410156 -1.5599999427795410156 -1.5599999427795410156 -1.8099999427795410156 -1.8099999427795410156 -1.8099744319915771484 -1.8099744319915771484 -1.8099460601806640625 -1.8099460601806640625 -1.8099460601806640625 -1.8099460601806640625 -1.8099460601806640625 -1.0299999713897705078 -1.0299999713897705078 -1.8099999427795410156 -1.8099999427795410156 -1.8099999427795410156 -1.8099999427795410156 -1.8099999427795410156 -9999 -9999 -9999 -9999 -9999 -9999 -9999
-2.5399999618530273438 -2.5399999618530273438 -2.5399999618530273438 -2.5399999618530273438 -2.5399999618530273438 -2.5699999332427978516 -2.5699999332427978516 -2.5699999332427978516 -2.5699999332427978516 -2.5699999332427978516 -2.5699999332427978516 -2.5699999332427978516 -2.5699999332427978516 -2.5699999332427978516 -2.4800000190734863281 -2.4800000190734863281 -2.4800000190734863281 -2.4800000190734863281 -2.4800000190734863281 -2.4600000381469726562 -2.4600000381469726562 -1.5700000524520874023 -1.5700000524520874023 -1.5700000524520874023 -1.8099999427795410156 -1.8099999427795410156 -1.8099999427795410156 -1.8099999427795410156 -1.8099999427795410156 -1.8099999427795410156 -1.8099999427795410156 -1.8099999427795410156 -1.8099999427795410156 -1.0399999618530273438 -1.0399999618530273438 -1.8099999427795410156 -1.8099999427795410156 -0.5 -0.5 -0.5 -0.5 -0.5 -9999 -9999 -9999 -9999 -9999
-2.5399999618530273438 -2.5399999618530273438 -2.5399999618530273438 -2.5399999618530273438 -2.5399999618530273438 -2.5699999332427978516 -2.5699999332427978516 -2.5699999332427978516 -2.5699999332427978516 -2.5699999332427978516 -2.5699999332427978516 -2.5699999332427978516 -2.5699999332427978516 -2.5699999332427978516 -2.4800000190734863281 -2.4800000190734863281 -2.4800000190734863281 -2.4800000190734863281 -2.4800000190734863281 -2.4600000381469726562 -2.4600000381469726562 -2.4600000381469726562 -2.4600000381469726562 -2.4600000381469726562 -1.8300000429153442383 -1.8300000429153442383 -1.8099349737167358398 -1.8099349737167358398 -1.8099999427795410156 -1.8099999427795410156 -1.8099999427795410156 -1.8099999427795410156 -1.8099999427795410156 -1.8099999427795410156 -1.8099999427795410156 -1.8099999427795410156 -1.8099999427795410156 -0.5 -0.5 -0.5 -0.5 -0.5 -9999 -9999 -9999 -9999 -9999
-2.5399999618530273438 -2.5399999618530273438 -2.5399999618530273438 -2.5399999618530273438 -2.5399999618530273438 -2.5699999332427978516 -2.5699999332427978516 -2.5699999332427978516 -2.5699999332427978516 -2.5699999332427978516 -2.5699999332427978516 -2.5699999332427978516 -2.5699999332427978516 -2.5699999332427978516 -2.4600000381469726562 -2.4600000381469726562 -2.4600000381469726562 -2.4600000381469726562 -2.4600000381469726562 -2.4200000762939453125 -2.4200000762939453125 -1.8999999761581420898 -1.8999999761581420898 -1.8999999761581420898 -1.5599999427795410156 -1.5599999427795410156 -1.0599999427795410156 -1.0599999427795410156 -1.9500000476837158203 -1.9500000476837158203 -1.9500000476837158203 -1.9500000476837158203 -1.9500000476837158203 -1.8099999427795410156 -1.8099999427795410156 -0.5 -0.5 -9999 -9999 -9999 -9999 -9999 -9999 -9999 -9999 -9999 -9999
-2.5399999618530273438 -2.5399999618530273438 -2.5399999618530273438 -2.5399999618530273438 -2.5399999618530273438 -2.5699999332427978516 -2.5699999332427978516 -2.5699999332427978516 -2.5699999332427978516 -2.5699999332427978516 -2.5699999332427978516 -2.5699999332427978516 -2.5699999332427978516 -2.5699999332427978516 -2.4600000381469726562 -2.4600000381469726562 -2.4600000381469726562 -2.4600000381469726562 -2.4600000381469726562 -2.4200000762939453125 -2.4200000762939453125 -1.8999999761581420898 -1.8999999761581420898 -1.8999999761581420898 -1.5599999427795410156 -1.5599999427795410156 -1.0599999427795410156 -1.0599999427795410156 -1.9500000476837158203 -1.9500000476837158203 -1.9500000476837158203 -1.9500000476837158203 -1.9500000476837158203 -1.8099999427795410156 -1.8099999427795410156 -0.5 -0.5 -9999 -9999 -9999 -9999 -9999 -9999 -9999 -9999 -9999 -9999
-2.5399999618530273438 -2.5399999618530273438 -2.5399999618530273438 -2.5399999618530273438 -2.5399999618530273438 -2.5699999332427978516 -2.5699999332427978516 -2.5699999332427978516 -2.5699999332427978516 -2.5699999332427978516 -2.5699999332427978516 -2.5699999332427978516 -2.5699999332427978516 -2.5699999332427978516 -2.4600000381469726562 -2.4600000381469726562 -2.4600000381469726562 -2.4600000381469726562 -2.4600000381469726562 -2.3900001049041748047 -2.3900001049041748047 -1.5599999427795410156 -1.5599999427795410156 -1.5599999427795410156 -1.9299999475479125977 -1.9299999475479125977 -1.9299999475479125977 -1.9299999475479125977 -1.9500000476837158203 -1.9500000476837158203 -1.9500000476837158203 -1.9500000476837158203 -1.9500000476837158203 -2.4200000762939453125 -2.4200000762939453125 -9999 -9999 -9999 -9999 -9999 -9999 -9999 -9999 -9999 -9999 -9999 -9999
-2.5099999904632568359 -2.5099999904632568359 -2.5099999904632568359 -2.5099999904632568359 -2.5099999904632568359 -2.5099999904632568359 -2.5099999904632568359 -2.5099999904632568359 -2.5099999904632568359 -2.5099999904632568359 -2.5099999904632568359 -2.5099999904632568359 -2.5099999904632568359 -2.5099999904632568359 -2.4700000286102294922 -2.4700000286102294922 -2.4700000286102294922 -2.4700000286102294922 -2.4700000286102294922 -1.8999999761581420898 -1.8999999761581420898 -1.5599999427795410156 -1.5599999427795410156 -1.5599999427795410156 -1.9800000190734863281 -1.9800000190734863281 -1.9800000190734863281 -1.9800000190734863281 -2.4200000762939453125 -2.4200000762939453125 -2.4200000762939453125 -2.4200000762939453125 -2.4200000762939453125 -2.4200000762939453125 -2.4200000762939453125 -9999 -9999 -9999 -9999 -9999 -9999 -9999 -9999 -9999 -9999 -9999 -9999
-2.5099999904632568359 -2.5099999904632568359 -2.5099999904632568359 -2.5099999904632568359 -2.5099999904632568359 -2.5099999904632568359 -2.5099999904632568359 -2.5099999904632568359 -2.5099999904632568359 -2.5099999904632568359 -2.5099999904632568359 -2.5099999904632568359 -2.5099999904632568359 -2.5099999904632568359 -2.4700000286102294922 -2.4700000286102294922 -2.4700000286102294922 -2.4700000286102294922 -2.4700000286102294922 -1.8999999761581420898 -1.8999999761581420898 -1.5599999427795410156 -1.5599999427795410156 -1.5599999427795410156 -1.9800000190734863281 -1.9800000190734863281 -1.9800000190734863281 -1.9800000190734863281 -2.4200000762939453125 -2.4200000762939453125 -2.4200000762939453125 -2.4200000762939453125 -2.4200000762939453125 -2.4200000762939453125 -2.4200000762939453125 -9999 -9999 -9999 -9999 -9999 -9999 -9999 -9999 -9999 -9999 -9999 -9999
-2.5099999904632568359 -2.5099999904632568359 -2.5099999904632568359 -2.5099999904632568359 -2.5099999904632568359 -2.5099999904632568359 -2.5099999904632568359 -2.5099999904632568359 -2.5099999904632568359 -2.5099999904632568359 -2.5099999904632568359 -2.5099999904632568359 -2.5099999904632568359 -2.5099999904632568359 -2.4700000286102294922 -2.4700000286102294922 -2.4700000286102294922 -2.4700000286102294922 -2.4700000286102294922 -1.8999999761581420898 -1.8999999761581420898 -1.9299999475479125977 -1.9299999475479125977 -1.9299999475479125977 -1.9800000190734863281 -1.9800000190734863281 -1.9800000190734863281 -1.9800000190734863281 -2.4200000762939453125 -2.4200000762939453125 -2.4200000762939453125 -2.4200000762939453125 -2.4200000762939453125 -2.4200000762939453125 -2.4200000762939453125 -9999 -9999 -9999 -9999 -9999 -9999 -9999 -9999 -9999 -9999 -9999 -9999
-2.5099999904632568359 -2.5099999904632568359 -2.5099999904632568359 -2.5099999904632568359 -2.5099999904632568359 -2.5099999904632568359 -2.5099999904632568359 -2.5099999904632568359 -2.5099999904632568359 -2.5099999904632568359 -2.5099999904632568359 -2.5099999904632568359 -2.5099999904632568359 -2.5099999904632568359 -2.4900000095367431641 -2.4900000095367431641 -2.4900000095367431641 -2.4900000095367431641 -2.4900000095367431641 -1.8999999761581420898 -1.8999999761581420898 -2.4200000762939453125 -2.4200000762939453125 -2.4200000762939453125 -2.4200000762939453125 -2.4200000762939453125 -2.4200000762939453125 -2.4200000762939453125 -2.4200000762939453125 -2.4200000762939453125 -2.4200000762939453125 -2.4200000762939453125 -2.4200000762939453125 -0.5 -0.5 -0.5 -0.5 -0.5 -9999 -9999 -9999 -9999 -9999 -9999 -9999 -9999 -9999
-2.5099999904632568359 -2.5099999904632568359 -2.5099999904632568359 -2.5099999904632568359 -2.5099999904632568359 -2.5099999904632568359 -2.5099999904632568359 -2.5099999904632568359 -2.5099999904632568359 -2.5099999904632568359 -2.5099999904632568359 -2.5099999904632568359 -2.5099999904632568359 -2.5099999904632568359 -2.4900000095367431641 -2.4900000095367431641 -2.4900000095367431641 -2.4900000095367431641 -2.4900000095367431641 -1.8999999761581420898 -1.8999999761581420898 -1.9900000095367431641 -1.9900000095367431641 -1.9900000095367431641 -2.4200000762939453125 -2.4200000762939453125 -2.4200000762939453125 -2.4200000762939453125 -2.4200000762939453125 -2.4200000762939453125 -2.4200000762939453125 -2.4500000476837158203 -2.4500000476837158203 -0.5 -0.5 -0.5 -0.5 -0.5 -9999 -9999 -9999 -9999 -9999 -9999 -9999 -9999 -9999
-2.5099999904632568359 -2.5099999904632568359 -2.5099999904632568359 -2.5099999904632568359 -2.5099999904632568359 -2.5099999904632568359 -2.5099999904632568359 -2.5099999904632568359 -2.5099999904632568359 -2.5099999904632568359 -2.5099999904632568359 -2.5099999904632568359 -2.5099999904632568359 -2.5099999904632568359 -2.5099999904632568359 -2.4900000095367431641 -2.4900000095367431641 -2.4900000095367431641 -2.4900000095367431641 -1.8999999761581420898 -1.8999999761581420898 -1.9900000095367431641 -1.9900000095367431641 -1.9900000095367431641 -2.4200000762939453125 -2.4200000762939453125 -2.4200000762939453125 -2.4200000762939453125 -2.4200000762939453125 -2.4200000762939453125 -2.4200000762939453125 -2.4500000476837158203 -2.4500000476837158203 -0.5 -0.5 -0.5 -0.5 -0.5 -9999 -9999 -9999 -9999 -9999 -9999 -9999 -9999 -9999
-2.5 -2.5 -2.5 -2.5 -2.5 -2.4600000381469726562 -2.4600000381469726562 -2.4600000381469726562 -2.4600000381469726562 -2.4600000381469726562 -2.4900000095367431641 -2.4900000095367431641 -2.4900000095367431641 -2.4900000095367431641 -2.4900000095367431641 -2.4600000381469726562 -2.4600000381469726562 -2.4600000381469726562 -2.4600000381469726562 -1.8999999761581420898 -1.8999999761581420898 -1.9299999475479125977 -1.9299999475479125977 -1.9299999475479125977 -2.4200000762939453125 -2.4200000762939453125 -2.4200000762939453125 -2.4200000762939453125 -2.4200000762939453125 -2.4200000762939453125 -2.4200000762939453125 -2.4200000762939453125 -2.4200000762939453125 0.37999999523162841797 0.37999999523162841797 0.37999999523162841797 0.37999999523162841797 0.37999999523162841797 -9999 -9999 -9999 -9999 -9999 -9999 -9999 -9999 -9999
-2.5 -2.5 -2.5 -2.5 -2.5 -2.4600000381469726562 -2.4600000381469726562 -2.4600000381469726562 -2.4600000381469726562 -2.4600000381469726562 -2.4900000095367431641 -2.4900000095367431641 -2.4900000095367431641 -2.4900000095367431641 -2.4900000095367431641 -2.4600000381469726562 -2.4600000381469726562 -2.4600000381469726562 -2.4600000381469726562 -1.5599999427795410156 -1.5599999427795410156 -2.0499999523162841797 -2.0499999523162841797 -2.0499999523162841797 -2.4200000762939453125 -2.4200000762939453125 -2.4200000762939453125 -2.4200000762939453125 -2.4200000762939453125 -2.4200000762939453125 -2.4200000762939453125 -2.4200000762939453125 -2.4200000762939453125 0.37999999523162841797 0.37999999523162841797 0.37999999523162841797 0.37999999523162841797 0.37999999523162841797 -9999 -9999 -9999 -9999 -9999 -9999 -9999 -9999 -9999
-2.5 -2.5 -2.5 -2.5 -2.5 -2.4600000381469726562 -2.4600000381469726562 -2.4600000381469726562 -2.4600000381469726562 -2.4600000381469726562 -2.4900000095367431641 -2.4900000095367431641 -2.4900000095367431641 -2.4900000095367431641 -2.4900000095367431641 -2.4600000381469726562 -2.4600000381469726562 -2.4600000381469726562 -2.4600000381469726562 -1.5599999427795410156 -1.5599999427795410156 -2.0499999523162841797 -2.0499999523162841797 -2.0499999523162841797 -2.4200000762939453125 -2.4200000762939453125 -2.4200000762939453125 -2.4200000762939453125 -2.4200000762939453125 -2.4200000762939453125 -2.4200000762939453125 -2.4200000762939453125 -2.4200000762939453125 0.37999999523162841797 0.37999999523162841797 0.37999999523162841797 0.37999999523162841797 0.37999999523162841797 -9999 -9999 -9999 -9999 -9999 -9999 -9999 -9999 -9999
-2.5 -2.5 -2.5 -2.5 -2.5 -2.4800000190734863281 -2.4800000190734863281 -2.4800000190734863281 -2.4800000190734863281 -2.4800000190734863281 -2.4800000190734863281 -2.4800000190734863281 -2.4800000190734863281 -2.4800000190734863281 -2.4800000190734863281 -2.0299999713897705078 -2.0299999713897705078 -2 -2 -1.9299999475479125977 -1.9299999475479125977 -2.4200000762939453125 -2.4200000762939453125 -2.4200000762939453125 -2.4200000762939453125 -2.4200000762939453125 -2.4200000762939453125 -2.4200000762939453125 -2.4300000667572021484 -2.4300000667572021484 -2.4300000667572021484 -1.2400000095367431641 -1.2400000095367431641 -9999 -9999 -9999 -9999 -9999 -9999 -9999 -9999 -9999 -9999 -9999 -9999 -9999 -9999
-2.5 -2.5 -2.5 -2.5 -2.5 -2.4800000190734863281 -2.4800000190734863281 -2.4800000190734863281 -2.4800000190734863281 -2.4800000190734863281 -2.4800000190734863281 -2.4800000190734863281 -2.4800000190734863281 -2.4800000190734863281 -2.4800000190734863281 -2.4600000381469726562 -2.4600000381469726562 -2.4600000381469726562 -2.4600000381469726562 -1.9299999475479125977 -1.9299999475479125977 -2.4200000762939453125 -2.4200000762939453125 -2.4200000762939453125 -2.4200000762939453125 -2.4200000762939453125 -2.4200000762939453125 -2.4200000762939453125 -2.4600000381469726562 -2.4600000381469726562 -2.4600000381469726562 -0.5 -0.5 -9999 -9999 -9999 -9999 -9999 -9999 -9999 -9999 -9999 -9999 -9999 -9999 -9999 -9999
