data/demo/waterlevel_240min_40x40m.asc
ncols        561
nrows        278
xllcorner    4.817258165162
yllcorner    52.370746892638
cellsize     0.000511251697
NODATA_value  -9999
[rows 105 to 125 of 278, columns 329 to 375 of 561]
-1.631995081901550293 -1.631995081901550293 -1.631995081901550293 -1.631995081901550293 -1.5956716537475585938 -1.5956716537475585938 -1.5956716537475585938 -1.5956716537475585938 -1.5956716537475585938 -1.5956716537475585938 -1.5956716537475585938 -1.5956716537475585938 -1.5956716537475585938 -1.5360202789306640625 -1.5360202789306640625 -1.5360202789306640625 -1.5360202789306640625 -1.5360202789306640625 -1.5360202789306640625 -1.5360202789306640625 -1.5360202789306640625 -1.5360202789306640625 -1.4819521903991699219 -1.4819521903991699219 -1.4819521903991699219 -1.4819521903991699219 -1.4819521903991699219 -1.4819521903991699219 -1.4819521903991699219 -1.4819521903991699219 -1.4819521903991699219 -1.4678806066513061523 -1.4678806066513061523 -1.4678806066513061523 -1.4678806066513061523 -1.4678806066513061523 -1.4643285274505615234 -1.4643285274505615234 -1.4643285274505615234 -1.4643285274505615234 -1.4643285274505615234 -1.4301639795303344727 -1.4301639795303344727 -1.4301639795303344727 -1.4301639795303344727 -1.4095255136489868164 -1.4095255136489868164
-1.631995081901550293 -1.631995081901550293 -1.631995081901550293 -1.631995081901550293 -1.5956716537475585938 -1.5956716537475585938 -1.5956716537475585938 -1.5956716537475585938 -1.5956716537475585938 -1.5956716537475585938 -1.5956716537475585938 -1.5956716537475585938 -1.5956716537475585938 -1.5360202789306640625 -1.5360202789306640625 -1.5360202789306640625 -1.5360202789306640625 -1.5360202789306640625 -1.5360202789306640625 -1.5360202789306640625 -1.5360202789306640625 -1.5360202789306640625 -1.4819521903991699219 -1.4819521903991699219 -1.4819521903991699219 -1.4819521903991699219 -1.4819521903991699219 -1.4819521903991699219 -1.4819521903991699219 -1.4819521903991699219 -1.4819521903991699219 -1.4678806066513061523 -1.4678806066513061523 -1.4678806066513061523 -1.4678806066513061523 -1.4678806066513061523 -1.4643285274505615234 -1.4643285274505615234 -1.4643285274505615234 -1.4643285274505615234 -1.4643285274505615234 -1.4301639795303344727 -1.4301639795303344727 -1.4301639795303344727 -1.4301639795303344727 -1.4095255136489868164 -1.4095255136489868164
-1.631995081901550293 -1.631995081901550293 -1.631995081901550293 -1.631995081901550293 -1.5956716537475585938 -1.5956716537475585938 -1.5956716537475585938 -1.5956716537475585938 -1.5956716537475585938 -1.5956716537475585938 -1.5956716537475585938 -1.5956716537475585938 -1.5956716537475585938 -1.5360202789306640625 -1.5360202789306640625 -1.5360202789306640625 -1.5360202789306640625 -1.5360202789306640625 -1.5360202789306640625 -1.5360202789306640625 -1.5360202789306640625 -1.5360202789306640625 -1.4819521903991699219 -1.4819521903991699219 -1.4819521903991699219 -1.4819521903991699219 -1.4819521903991699219 -1.4819521903991699219 -1.4819521903991699219 -1.4819521903991699219 -1.4819521903991699219 -1.4819521903991699219 -1.4678806066513061523 -1.4678806066513061523 -1.4678806066513061523 -1.4678806066513061523 -1.4643285274505615234 -1.4643285274505615234 -1.4643285274505615234 -1.4643285274505615234 -1.4643285274505615234 -1.4301639795303344727 -1.4301639795303344727 -1.4301639795303344727 -1.4301639795303344727 -1.4095255136489868164 -1.4095255136489868164
-1.7085199356079101562 -1.7085199356079101562 -1.7085199356079101562 -1.7085199356079101562 -1.6084972620010375977 -1.6084972620010375977 -1.6084972620010375977 -1.6084972620010375977 -1.6046435832977294922 -1.6046435832977294922 -1.6046435832977294922 -1.6046435832977294922 -1.6046435832977294922 -1.5508296489715576172 -1.5508296489715576172 -1.5508296489715576172 -1.5508296489715576172 -1.5508296489715576172 -1.5250455141067504883 -1.5250455141067504883 -1.5250455141067504883 -1.5250455141067504883 -1.4876192808151245117 -1.4876192808151245117 -1.4876192808151245117 -1.4876192808151245117 -1.4876192808151245117 -1.4791959524154663086 -1.4791959524154663086 -1.4791959524154663086 -1.4791959524154663086 -1.4791959524154663086 -1.4709858894348144531 -1.4709858894348144531 -1.4709858894348144531 -1.4709858894348144531 -1.469282984733581543 -1.469282984733581543 -1.4673285484313964844 -1.4673285484313964844 -1.4673285484313964844 -1.4553743600845336914 -1.4553743600845336914 -1.4201653003692626953 -1.4201653003692626953 -1.4141350984573364258 -1.4141350984573364258
-1.7085199356079101562 -1.7085199356079101562 -1.7085199356079101562 -1.7085199356079101562 -1.6084972620010375977 -1.6084972620010375977 -1.6084972620010375977 -1.6084972620010375977 -1.6084972620010375977 -1.6046435832977294922 -1.6046435832977294922 -1.6046435832977294922 -1.6046435832977294922 -1.5508296489715576172 -1.5508296489715576172 -1.5508296489715576172 -1.5508296489715576172 -1.5508296489715576172 -1.5250455141067504883 -1.5250455141067504883 -1.5250455141067504883 -1.5250455141067504883 -1.4876192808151245117 -1.4876192808151245117 -1.4876192808151245117 -1.4876192808151245117 -1.4876192808151245117 -1.4791959524154663086 -1.4791959524154663086 -1.4791959524154663086 -1.4791959524154663086 -1.4791959524154663086 -1.4709858894348144531 -1.4709858894348144531 -1.4709858894348144531 -1.4709858894348144531 -1.469282984733581543 -1.469282984733581543 -1.4673285484313964844 -1.4673285484313964844 -1.4673285484313964844 -1.4553743600845336914 -1.4553743600845336914 -1.4201653003692626953 -1.4201653003692626953 -1.4141350984573364258 -1.4141350984573364258
-1.7085199356079101562 -1.7085199356079101562 -1.7085199356079101562 -1.7085199356079101562 -1.6084972620010375977 -1.6084972620010375977 -1.6084972620010375977 -1.6084972620010375977 -1.6084972620010375977 -1.6046435832977294922 -1.6046435832977294922 -1.6046435832977294922 -1.6046435832977294922 -1.5508296489715576172 -1.5508296489715576172 -1.5508296489715576172 -1.5508296489715576172 -1.5508296489715576172 -1.5250455141067504883 -1.5250455141067504883 -1.5250455141067504883 -1.5250455141067504883 -1.4876192808151245117 -1.4876192808151245117 -1.4876192808151245117 -1.4876192808151245117 -1.4876192808151245117 -1.4791959524154663086 -1.4791959524154663086 -1.4791959524154663086 -1.4791959524154663086 -1.4791959524154663086 -1.4709858894348144531 -1.4709858894348144531 -1.4709858894348144531 -1.4709858894348144531 -1.4704358577728271484 -1.4704358577728271484 -1.4693131446838378906 -1.4693131446838378906 -1.4693131446838378906 -1.4599282741546630859 -1.4599282741546630859 -1.6528185606002807617 -1.6528185606002807617 -3.2490582466125488281 -3.2490582466125488281
-1.7085199356079101562 -1.7085199356079101562 -1.7085199356079101562 -1.7085199356079101562 -1.6097959280014038086 -1.6097959280014038086 -1.6097959280014038086 -1.6097959280014038086 -1.6097959280014038086 -1.6091585159301757812 -1.6091585159301757812 -1.6091585159301757812 -1.6091585159301757812 -1.5618271827697753906 -1.5618271827697753906 -1.5618271827697753906 -1.5618271827697753906 -1.5618271827697753906 -1.5353531837463378906 -1.5353531837463378906 -1.5353531837463378906 -1.5353531837463378906 -1.4894855022430419922 -1.4894855022430419922 -1.4894855022430419922 -1.4894855022430419922 -1.4894855022430419922 -1.4845930337905883789 -1.4845930337905883789 -1.4758535623550415039 -1.4758535623550415039 -1.4758535623550415039 -1.4726419448852539062 -1.4726419448852539062 -1.4723649024963378906 -1.4723649024963378906 -1.4711649417877197266 -1.4711649417877197266 -1.4728933572769165039 -1.4728933572769165039 -1.4728933572769165039 -1.7950990200042724609 -1.7950990200042724609 -1.7950990200042724609 -1.7950990200042724609 -3.2838931083679199219 -3.2838931083679199219
-1.7085199356079101562 -1.7085199356079101562 -1.7085199356079101562 -1.7085199356079101562 -1.6097959280014038086 -1.6097959280014038086 -1.6097959280014038086 -1.6097959280014038086 -1.6097959280014038086 -1.6091585159301757812 -1.6091585159301757812 -1.6091585159301757812 -1.6091585159301757812 -1.5618271827697753906 -1.5618271827697753906 -1.5618271827697753906 -1.5618271827697753906 -1.5618271827697753906 -1.5353531837463378906 -1.5353531837463378906 -1.5353531837463378906 -1.5353531837463378906 -1.4894855022430419922 -1.4894855022430419922 -1.4894855022430419922 -1.4894855022430419922 -1.4894855022430419922 -1.486026763916015625 -1.486026763916015625 -1.4757734537124633789 -1.4757734537124633789 -1.4757734537124633789 -1.4726591110229492188 -1.4726591110229492188 -1.4752478599548339844 -1.4752478599548339844 -1.4757980108261108398 -1.4757980108261108398 -1.5125548839569091797 -1.5125548839569091797 -1.5125548839569091797 -1.7950990200042724609 -1.7950990200042724609 -1.7950990200042724609 -1.7950990200042724609 -3.2999999523162841797 -3.2999999523162841797
-1.7085199356079101562 -1.7085199356079101562 -1.7085199356079101562 -1.7085199356079101562 -1.6097959280014038086 -1.6097959280014038086 -1.6097959280014038086 -1.6097959280014038086 -1.6097959280014038086 -1.6091585159301757812 -1.6091585159301757812 -1.6091585159301757812 -1.6091585159301757812 -1.5618271827697753906 -1.5618271827697753906 -1.5618271827697753906 -1.5618271827697753906 -1.5618271827697753906 -1.5353531837463378906 -1.5353531837463378906 -1.5353531837463378906 -1.5353531837463378906 -1.4894855022430419922 -1.4894855022430419922 -1.4894855022430419922 -1.4894855022430419922 -1.4894855022430419922 -1.486026763916015625 -1.486026763916015625 -1.4757734537124633789 -1.4757734537124633789 -1.4757734537124633789 -1.4726591110229492188 -1.4726591110229492188 -1.4752478599548339844 -1.4752478599548339844 -1.4757980108261108398 -1.4757980108261108398 -1.5125548839569091797 -1.5125548839569091797 -1.5125548839569091797 -1.7950990200042724609 -1.7950990200042724609 -1.7950990200042724609 -1.7950990200042724609 -3.2999999523162841797 -3.2999999523162841797
-1.7070827484130859375 -1.7070827484130859375 -1.7070827484130859375 -1.7070827484130859375 -1.6247133016586303711 -1.6247133016586303711 -1.6247133016586303711 -1.6247133016586303711 -1.6247133016586303711 -1.6153059005737304688 -1.6153059005737304688 -1.6120548248291015625 -1.6120548248291015625 -1.6134691238403320312 -1.6134691238403320312 -2.2522690296173095703 -2.2522690296173095703 -2.2522690296173095703 -2.3499999046325683594 -2.3499999046325683594 -2.3499999046325683594 -2.3499999046325683594 -2.3499999046325683594 -2.3499999046325683594 -2.3499999046325683594 -2.3499999046325683594 -2.3499999046325683594 -1.6499707698822021484 -1.6499707698822021484 -1.4974436759948730469 -1.4974436759948730469 -1.4974436759948730469 -1.4775696992874145508 -1.4775696992874145508 -1.4770178794860839844 -1.4770178794860839844 -1.4776238203048706055 -1.4776238203048706055 -1.5033584833145141602 -1.5033584833145141602 -1.5033584833145141602 -1.671313166618347168 -1.671313166618347168 -2.4100000858306884766 -2.4100000858306884766 -2.9478626251220703125 -2.9478626251220703125
-1.7070827484130859375 -1.7070827484130859375 -1.7070827484130859375 -1.7070827484130859375 -1.6247133016586303711 -1.6247133016586303711 -1.6247133016586303711 -1.6247133016586303711 -1.6247133016586303711 -1.6192635297775268555 -1.6192635297775268555 -1.6124475002288818359 -1.6124475002288818359 -1.6128902435302734375 -1.6128902435302734375 -1.5599999427795410156 -1.5599999427795410156 -1.5599999427795410156 -2.3499999046325683594 -2.3499999046325683594 -1.5599999427795410156 -1.5599999427795410156 -1.7300000190734863281 -1.7300000190734863281 -1.7300000190734863281 -1.5700000524520874023 -1.5700000524520874023 -1.5035603046417236328 -1.5035603046417236328 -1.4998621940612792969 -1.4998621940612792969 -1.4998621940612792969 -1.4805711507797241211 -1.4805711507797241211 -1.4820564985275268555 -1.4820564985275268555 -1.4802041053771972656 -1.4802041053771972656 -1.4973123073577880859 -1.4973123073577880859 -1.6100000143051147461 -1.6000000238418579102 -2.2237591743469238281 -2.2239534854888916016 -2.2239801883697509766 -2.8735976219177246094 -2.8735976219177246094
-1.7070827484130859375 -1.7070827484130859375 -1.7070827484130859375 -1.7070827484130859375 -1.6247133016586303711 -1.6247133016586303711 -1.6247133016586303711 -1.6247133016586303711 -1.6247133016586303711 -1.6192635297775268555 -1.6192635297775268555 -1.6124475002288818359 -1.6124475002288818359 -1.6128902435302734375 -1.6128902435302734375 -1.5599999427795410156 -1.5599999427795410156 -1.5599999427795410156 -2.3499999046325683594 -2.3499999046325683594 -1.5599999427795410156 -1.5599999427795410156 -1.7300000190734863281 -1.7300000190734863281 -1.7300000190734863281 -1.5700000524520874023 -1.5700000524520874023 -1.5035603046417236328 -1.5035603046417236328 -1.4998621940612792969 -1.4998621940612792969 -1.4998621940612792969 -1.4805711507797241211 -1.4805711507797241211 -1.4820564985275268555 -1.4820564985275268555 -1.4802041053771972656 -1.4802041053771972656 -2.2238514423370361328 -2.2238514423370361328 -2.2238106727600097656 -2.2237646579742431641 -2.2236566543579101562 -2.2239558696746826172 -2.2240095138549804688 -2.8735976219177246094 -2.8735976219177246094
-2.0864355564117431641 -2.0864355564117431641 -1.7218956947326660156 -1.7218956947326660156 -1.6270080804824829102 -1.6270080804824829102 -1.6263266801834106445 -1.6263266801834106445 -1.6263266801834106445 -1.8570806980133056641 -1.8570806980133056641 -1.5599999427795410156 -1.5599999427795410156 -1.5599999427795410156 -1.5599999427795410156 -2.2282929420471191406 -2.2282929420471191406 -2.2282836437225341797 -2.22824859619140625 -2.2282457351684570312 -2.2282440662384033203 -1.4400000572204589844 -1.7100000381469726562 -1.7100000381469726562 -1.7100000381469726562 -1.6699999570846557617 -1.6699999570846557617 -2.2268190383911132812 -2.2267620563507080078 -2.2267496585845947266 -2.2267737388610839844 -2.2267737388610839844 -2.2266764640808105469 -2.2264535427093505859 -2.2262949943542480469 -2.2254660129547119141 -2.2246911525726318359 -2.2244701385498046875 -2.2243540287017822266 -2.2243540287017822266 -2.2252621650695800781 -1.37116241455078125 -1.3846163749694824219 -1.3994238376617431641 -1.3948150873184204102 -2.8735897541046142578 -2.8735897541046142578
-2.0932221412658691406 -2.0932221412658691406 -2.3496873378753662109 -2.3496873378753662109 -2.3499999046325683594 -2.3499999046325683594 -1.6442253589630126953 -1.6442253589630126953 -1.6442253589630126953 -1.5900000333786010742 -1.5900000333786010742 -2.2283840179443359375 -2.2283852100372314453 -2.2283661365509033203 -2.2283458709716796875 -2.228298187255859375 -2.228298187255859375 -2.228298187255859375 -2.2282404899597167969 -2.2282404899597167969 -2.2282383441925048828 -2.2282376289367675781 -1.5599999427795410156 -1.5599999427795410156 -1.5599999427795410156 -1.5599999427795410156 -2.2269723415374755859 -2.2269003391265869141 -2.2268261909484863281 -2.2267792224884033203 -2.2267792224884033203 -2.2267792224884033203 -2.2266213893890380859 -2.2264091968536376953 -2.2262158393859863281 -2.2256968021392822266 -2.2262516021728515625 -1.3780562877655029297 -1.3780562877655029297 -1.3627434968948364258 -1.3575708866119384766 -1.3508336544036865234 -1.3508336544036865234 -1.3527101278305053711 -1.3527101278305053711 -1.3303622007369995117 -1.3303622007369995117
-2.0932221412658691406 -2.0932221412658691406 -2.3496873378753662109 -2.3496873378753662109 -2.3499999046325683594 -2.3499999046325683594 -1.6442253589630126953 -1.6442253589630126953 -1.5599999427795410156 -2.2284574508666992188 -2.2284443378448486328 -2.2284243106842041016 -2.2284028530120849609 -2.228374481201171875 -2.228374481201171875 -2.2283082008361816406 -2.2283082008361816406 -2.2283082008361816406 -2.2281916141510009766 -2.2281916141510009766 -2.2281854152679443359 -2.2282314300537109375 -1.5 -1.5 -2.2271697521209716797 -2.2271378040313720703 -2.2270841598510742188 -2.2270243167877197266 -2.2269759178161621094 -2.2268826961517333984 -2.2268085479736328125 -2.2268085479736328125 -1.5080894231796264648 -1.4036005735397338867 -1.3389565944671630859 -1.3389565944671630859 -1.3379724025726318359 -1.3379724025726318359 -1.3379724025726318359 -1.3368972539901733398 -1.3368972539901733398 -1.3301777839660644531 -1.3301777839660644531 -1.3301777839660644531 -1.3301777839660644531 -1.3297182321548461914 -1.3297182321548461914
-2.3499999046325683594 -2.3499999046325683594 -1.5599999427795410156 -1.5599999427795410156 -1.6000000238418579102 -1.6000000238418579102 -2.2284972667694091797 -2.2284977436065673828 -2.2284977436065673828 -2.2284684181213378906 -2.2284560203552246094 -2.2284367084503173828 -2.2284147739410400391 -2.228374481201171875 -2.228374481201171875 -2.228374481201171875 -2.2283082008361816406 -2.2283082008361816406 -2.2281916141510009766 -2.2281916141510009766 -2.228099822998046875 -2.2282075881958007812 -2.2277150154113769531 -2.2277150154113769531 -2.2273542881011962891 -2.2272105216979980469 -2.2271411418914794922 -2.2270779609680175781 -2.2270293235778808594 -1.5199999809265136719 -1.5128556489944458008 -1.5128556489944458008 -1.3595727682113647461 -1.3461195230484008789 -1.3389565944671630859 -1.3389565944671630859 -1.3379724025726318359 -1.3379724025726318359 -1.3379724025726318359 -1.3368972539901733398 -1.3368972539901733398 -1.3301777839660644531 -1.3301777839660644531 -1.3301777839660644531 -1.3301777839660644531 -1.3297182321548461914 -1.3297182321548461914
-1.5599999427795410156 -1.5599999427795410156 -1.5599999427795410156 -1.5599999427795410156 -1.5599999427795410156 -2.2285084724426269531 -2.2285029888153076172 -2.228496551513671875 -2.228496551513671875 -2.2284781932830810547 -2.2284781932830810547 -2.2284419536590576172 -2.2284419536590576172 -2.2284033298492431641 -2.2283766269683837891 -2.2283766269683837891 -2.2283506393432617188 -2.2283253669738769531 -2.2283103466033935547 -2.2281098365783691406 -2.2280306816101074219 -2.2279012203216552734 -2.2276458740234375 -2.2276458740234375 -2.2274444103240966797 -2.2272419929504394531 -2.2271707057952880859 -2.227146148681640625 -1.5599999427795410156 -1.3400976657867431641 -1.3400976657867431641 -1.3400976657867431641 -1.3357384204864501953 -1.3357384204864501953 -1.3344391584396362305 -1.3344391584396362305 -1.3317699432373046875 -1.3317699432373046875 -1.3317699432373046875 -1.3309283256530761719 -1.3309283256530761719 -1.3301777839660644531 -1.3301777839660644531 -1.3301777839660644531 -1.3301777839660644531 -1.3232139348983764648 -1.3232139348983764648
-1.5599999427795410156 -1.5599999427795410156 -1.5700000524520874023 -2.2285199165344238281 -2.228519439697265625 -2.2285170555114746094 -2.228511810302734375 -2.228511810302734375 -2.228511810302734375 -2.2284958362579345703 -2.2284815311431884766 -2.2284598350524902344 -2.2284505367279052734 -2.2284255027770996094 -1.5599999427795410156 -1.5599999427795410156 -1.8899999856948852539 -1.8899999856948852539 -1.5599999427795410156 -1.5599999427795410156 -1.4082175493240356445 -1.4082175493240356445 -1.3919281959533691406 -1.3919281959533691406 -1.3919281959533691406 -2.2267777919769287109 -1.3739858865737915039 -1.3431261777877807617 -1.3431261777877807617 -1.3377315998077392578 -1.3377315998077392578 -1.3377315998077392578 -1.3318057060241699219 -1.3318057060241699219 -1.3318057060241699219 -1.3318057060241699219 -1.326922297477722168 -1.326922297477722168 -1.326922297477722168 -1.326922297477722168 -1.326922297477722168 -1.3178794384002685547 -1.3178794384002685547 -1.3178794384002685547 -1.3178794384002685547 -1.3143715858459472656 -1.3143715858459472656
-1.5599999427795410156 -1.5599999427795410156 -1.5599999427795410156 -1.5099999904632568359 -2.2285196781158447266 -2.2285182476043701172 -2.228511810302734375 -2.228511810302734375 -2.228511810302734375 -2.2285060882568359375 -2.2284979820251464844 -1.5099999904632568359 -1.5900000333786010742 -1.5599999427795410156 -1.8400000333786010742 -1.8400000333786010742 -1.8899999856948852539 -1.8899999856948852539 -1.5599999427795410156 -1.5599999427795410156 -1.4082175493240356445 -1.4082175493240356445 -1.3919281959533691406 -1.3919281959533691406 -1.3919281959533691406 -1.3827325105667114258 -1.3739174604415893555 -1.3431261777877807617 -1.3431261777877807617 -1.3377315998077392578 -1.3377315998077392578 -1.3377315998077392578 -1.3318057060241699219 -1.3318057060241699219 -1.3318057060241699219 -1.3318057060241699219 -1.326922297477722168 -1.326922297477722168 -1.326922297477722168 -1.326922297477722168 -1.326922297477722168 -1.3178794384002685547 -1.3178794384002685547 -1.3178794384002685547 -1.3178794384002685547 -1.3143715858459472656 -1.3143715858459472656
-1.5599999427795410156 -1.5599999427795410156 -1.5700000524520874023 -1.5700000524520874023 -1.5499999523162841797 -1.5800000429153442383 -1.5599999427795410156 -2.228515625 -2.228515625 -2.2285153865814208984 -1.5099999904632568359 -1.5800000429153442383 -1.5800000429153442383 -1.6710509061813354492 -1.6710509061813354492 -1.6710509061813354492 -1.7379165887832641602 -1.7379165887832641602 -1.7645337581634521484 -1.7645337581634521484 -1.5216135978698730469 -1.5216135978698730469 -1.3757308721542358398 -1.3757308721542358398 -1.3757308721542358398 -1.3730082511901855469 -1.3730082511901855469 -1.3464996814727783203 -1.3464996814727783203 -1.3408288955688476562 -1.3408288955688476562 -1.3408288955688476562 -1.3318057060241699219 -1.3318057060241699219 -1.3318057060241699219 -1.3318057060241699219 -1.326922297477722168 -1.326922297477722168 -1.326922297477722168 -1.326922297477722168 -1.326922297477722168 -1.3178794384002685547 -1.3178794384002685547 -1.3178794384002685547 -1.3178794384002685547 -1.3093436956405639648 -1.3093436956405639648
-1.5700000524520874023 -1.5700000524520874023 -1.5800000429153442383 -1.5800000429153442383 -1.5700000524520874023 -1.5700000524520874023 -1.5599999427795410156 -1.5599999427795410156 -1.5599999427795410156 -3.5599999427795410156 -3.5599999427795410156 -1.7400000095367431641 -1.7400000095367431641 -1.4654456377029418945 -1.4654456377029418945 -1.4654456377029418945 -1.4654456377029418945 -1.4654456377029418945 -1.46193695068359375 -1.46193695068359375 -1.46193695068359375 -1.46193695068359375 -1.3581482172012329102 -1.3581482172012329102 -1.3581482172012329102 -1.3581482172012329102 -1.3581482172012329102 -1.349200129508972168 -1.349200129508972168 -1.349200129508972168 -1.349200129508972168 -1.349200129508972168 -1.3173316717147827148 -1.3173316717147827148 -1.3173316717147827148 -1.3173316717147827148 -1.3173316717147827148 -1.3173316717147827148 -1.3173316717147827148 -1.3173316717147827148 -1.3173316717147827148 -1.2993274927139282227 -1.2993274927139282227 -1.2993274927139282227 -1.2993274927139282227 -1.2934069633483886719 -1.2934069633483886719
