data/demo/waterlevel_0min_40x40m.asc
ncols        561
nrows        278
xllcorner    4.817258165162
yllcorner    52.370746892638
cellsize     0.000511251697
NODATA_value  -9999
[rows 80 to 99 of 278, columns 135 to 179 of 561]
-1.4500000476837158203 -1.4800000190734863281 -1.5 -1.5099999904632568359 -1.4900000095367431641 -1.3200000524520874023 -1.1000000238418579102 -1.1000000238418579102 0.75999999046325683594 -0.67000001668930053711 -1.4500000476837158203 -1.25 -1.4500000476837158203 -1.1100000143051147461 -1.1100000143051147461 -0.87000000476837158203 -1.4500000476837158203 -1.2599999904632568359 -0.87000000476837158203 -1.2999999523162841797 -1.4400000572204589844 -1.379999995231628418 -1.379999995231628418 -1.4199999570846557617 -1.4500000476837158203 -1.4900000095367431641 -1.4600000381469726562 -1.4099999666213989258 -1.379999995231628418 -1.379999995231628418 -1.4500000476837158203 -1.0800000429153442383 -1.4500000476837158203 -1.2899999618530273438 -1.4420000314712524414 -1.3220000267028808594 -1.5099999904632568359 -1.5099999904632568359 -1.5199999809265136719 -1.5800000429153442383 -1.5399999618530273438 -1.8999999761581420898 -1.620000004768371582 -1.5399999618530273438 -1.8999999761581420898
-1.1599999666213989258 -1.2200000286102294922 -1.4500000476837158203 -1.5099999904632568359 -1.5299999713897705078 -1.4500000476837158203 -1.4500000476837158203 -0.68000000715255737305 -1.1799999475479125977 -1.2100000381469726562 -1.4099999666213989258 -1.4400000572204589844 -1.2899999618530273438 -1.4500000476837158203 -1.4500000476837158203 -1.1900000572204589844 -0.87999999523162841797 -0.80999994277954101562 -1 -1.370000004768371582 -1.3500000238418579102 -1.379999995231628418 -1.379999995231628418 -1.4099999666213989258 -1.3600000143051147461 -1.4500000476837158203 -1.379999995231628418 -1.379999995231628418 -1.6599999666213989258 -1.6599999666213989258 -1.5099999904632568359 -1.4500000476837158203 -1.4500000476837158203 -1.25 -1.3400000333786010742 -1.129999995231628418 -1.2200000286102294922 -1.2200000286102294922 -1.1699999570846557617 -1.2599999904632568359 -1.2599999904632568359 -1.2100000381469726562 -1.1499999761581420898 -1.0420000553131103516 -1.0420000553131103516
-1.620000004768371582 -1.7300000190734863281 -1.2699999809265136719 0.41999998688697814941 -1.4199999570846557617 -1.1399999856948852539 -1.1399999856948852539 -1.0599999427795410156 -1.4500000476837158203 -1.1799999475479125977 -1.129999995231628418 -1.2999999523162841797 -1.2899999618530273438 -1.2699999809265136719 -1.2699999809265136719 -1.4500000476837158203 -1.0199999809265136719 -1.0299999713897705078 -1.4500000476837158203 -1.4500000476837158203 -1.3600000143051147461 -1.3300000429153442383 -1.3300000429153442383 -1.3400000333786010742 -1.3200000524520874023 -1.3999999761581420898 -1.3099999427795410156 -1.2599999904632568359 -1.3899999856948852539 -1.3899999856948852539 -1.4400000572204589844 -1.4500000476837158203 -1.4500000476837158203 -1.2799999713897705078 -1.2699999809265136719 -1.25 -1.0199999809265136719 -1.0199999809265136719 -1.4500000476837158203 -1.4500000476837158203 -1.4800000190734863281 -1.2300000190734863281 -1.2000000476837158203 -1.1799999475479125977 -1.1799999475479125977
-1.2599999904632568359 -1.4500000476837158203 -0.85000002384185791016 -1.1399999856948852539 -1.3099999427795410156 -1.4099999666213989258 -1.4099999666213989258 -1.4500000476837158203 -1.4500000476837158203 -1.3300000429153442383 -1.3500000238418579102 -1.1599999666213989258 -1.3400000333786010742 -1.4500000476837158203 -1.4500000476837158203 -1.370000004768371582 -1.3200000524520874023 -1.2699999809265136719 -1.4500000476837158203 -1.25 -1.1699999570846557617 -1.4500000476837158203 -1.4500000476837158203 -1.4199999570846557617 -1.3200000524520874023 -1.379999995231628418 -1.3899999856948852539 -1.5 -1.6000000238418579102 -1.6000000238418579102 -1.4500000476837158203 -1.4500000476837158203 -1.4500000476837158203 -1.4500000476837158203 -1.3300000429153442383 -1.3099999427795410156 -0.95999997854232788086 -0.95999997854232788086 -1.2300000190734863281 -1.3099999427795410156 -1.2999999523162841797 -1.0700000524520874023 -1.4500000476837158203 -1.379999995231628418 -1.379999995231628418
-1.2999999523162841797 -1.379999995231628418 -0.86000001430511474609 -0.85000002384185791016 -1.4500000476837158203 -1.2100000381469726562 -1.2100000381469726562 -1.1399999856948852539 -1.0499999523162841797 -1.4500000476837158203 -1.1900000572204589844 -1.4199999570846557617 -1.4500000476837158203 -1.4500000476837158203 -1.4500000476837158203 -1.1599999666213989258 -0.94999998807907104492 -1.2699999809265136719 -1.3400000333786010742 -1.4400000572204589844 -1.3200000524520874023 -1.3200000524520874023 -1.2699999809265136719 -1.2999999523162841797 -1.1399999856948852539 -1.2899999618530273438 -1.1900000572204589844 -1.0199999809265136719 -1.4500000476837158203 -1.4500000476837158203 -1.4500000476837158203 -1.4600000381469726562 -1.2599999904632568359 -1.1499999761581420898 -1.1399999856948852539 -1.2300000190734863281 -1.4500000476837158203 -1.4500000476837158203 -1.1799999475479125977 -1.4500000476837158203 -1.4500000476837158203 -1.4500000476837158203 -1.3400000333786010742 -1.3200000524520874023 -1.3200000524520874023
-1.3099999427795410156 -1.4500000476837158203 -0.93999999761581420898 -0.76999998092651367188 -1.0499999523162841797 -1.0900000333786010742 -1.0900000333786010742 -1.4500000476837158203 -1.2400000095367431641 -1.1000000238418579102 -1.2999999523162841797 -1.4500000476837158203 -1.2899999618530273438 -0.9200000762939453125 -0.9200000762939453125 -1.4500000476837158203 -0.77999997138977050781 -1.1699999570846557617 -1.2999999523162841797 -1.2899999618530273438 -1.3099999427795410156 -1.3099999427795410156 -1.4500000476837158203 -1.2899999618530273438 -1.2899999618530273438 -1.4299999475479125977 -1.25 -1.3600000143051147461 -1.4500000476837158203 -1.4500000476837158203 -1.4500000476837158203 -1.25 -1.2699999809265136719 -1.3099999427795410156 -1.2799999713897705078 -1.120000004768371582 -1.2699999809265136719 -1.2699999809265136719 -1.2999999523162841797 -1.25 -1.25 -1.2799999713897705078 -1.3200000524520874023 -1.3300000429153442383 -1.3300000429153442383
-1.3600000143051147461 -1.1499999761581420898 -1.2300000190734863281 -1.2799999713897705078 -1.2200000286102294922 -1.1100000143051147461 -1.1100000143051147461 -0.93000000715255737305 -0.64999997615814208984 -0.93000000715255737305 -0.87000000476837158203 -1.0399999618530273438 -1.4500000476837158203 -0.89200007915496826172 -0.89200007915496826172 -1.3400000333786010742 -1.3400000333786010742 -1.3200000524520874023 -1.3200000524520874023 -1.2699999809265136719 -1.4500000476837158203 -1.4500000476837158203 -1.2000000476837158203 -1.370000004768371582 -1.370000004768371582 -1.3400000333786010742 -1.2400000095367431641 -1.4500000476837158203 -1.4500000476837158203 -1.4500000476837158203 -1.120000004768371582 -1.3200000524520874023 -1.0299999713897705078 -1.1100000143051147461 -1.120000004768371582 -1.2400000095367431641 -1.1699999570846557617 -1.1699999570846557617 -1.2599999904632568359 -1.2200000286102294922 -1.2300000190734863281 -1.2899999618530273438 -1.5599999427795410156 -1.5599999427795410156 -1.5599999427795410156
-1.2999999523162841797 -1.2899999618530273438 -1.2599999904632568359 -1.4500000476837158203 -1.2400000095367431641 -1.1900000572204589844 -1.1900000572204589844 -1.4400000572204589844 -1.2999999523162841797 -1.4500000476837158203 -0.76999998092651367188 -0.95999997854232788086 -1.4520000219345092773 -0.67999994754791259766 -0.67999994754791259766 -0.73000001907348632812 -1.2400000095367431641 -1.3600000143051147461 -1.4500000476837158203 -0.92000001668930053711 -0.16300003230571746826 -0.16300003230571746826 -0.63300001621246337891 -0.29300004243850708008 -1.4500000476837158203 -1.4500000476837158203 -1.0700000524520874023 -1.4500000476837158203 -1.4500000476837158203 -1.4500000476837158203 -1.2300000190734863281 -1.2899999618530273438 -1.3300000429153442383 -1.1900000572204589844 -1.1399999856948852539 -1.1900000572204589844 -1.1900000572204589844 -1.2000000476837158203 -1.2200000286102294922 -1.0700000524520874023 -1.4500000476837158203 -1.5599999427795410156 -1.5599999427795410156 -1.5599999427795410156 -1.5599999427795410156
-1.3099999427795410156 -1.3600000143051147461 -1.25 -1.3099999427795410156 -1.3999999761581420898 -1.4500000476837158203 -1.4500000476837158203 -1.2699999809265136719 -1.3099999427795410156 -1.3600000143051147461 -1.2300000190734863281 -1.0900000333786010742 -1.370000004768371582 -1.3099999427795410156 -1.3099999427795410156 -1.2699999809265136719 -0.93999999761581420898 -1.2100000381469726562 -0.34999999403953552246 -1.2599999904632568359 -1.3500000238418579102 -1.3500000238418579102 -1.4500000476837158203 -1.2899999618530273438 -1.7999999523162841797 -0.62300002574920654297 -1.4500000476837158203 -1.4500000476837158203 -1.1799999475479125977 -1.1799999475479125977 -1.0299999713897705078 -1.120000004768371582 -1.1399999856948852539 -1.2599999904632568359 -1.1100000143051147461 -0.98000001907348632812 -0.98000001907348632812 -0.81999999284744262695 -1.3400000333786010742 -1.120000004768371582 -1.4320000410079956055 -1.3600000143051147461 -1.4199999570846557617 -1.3899999856948852539 -1.3899999856948852539
-1.370000004768371582 -1.4500000476837158203 -1.4500000476837158203 -0.87999999523162841797 -1.1799999475479125977 -1.1399999856948852539 -1.1399999856948852539 -0.98000001907348632812 -1.4500000476837158203 -1.4500000476837158203 -1.1599999666213989258 -1.1699999570846557617 -1.3899999856948852539 -1.3899999856948852539 -1.4299999475479125977 -1.4400000572204589844 -1.2599999904632568359 -0.50999999046325683594 -1.1599999666213989258 -1.2400000095367431641 -1.3500000238418579102 -1.3500000238418579102 -1.7999999523162841797 -1.75 -1.7899999618530273438 -1.7999999523162841797 -1.7999999523162841797 -1.2899999618530273438 -1.25 -1.25 -1.7999999523162841797 -1.2100000381469726562 -0.28200006484985351562 -1.3300000429153442383 -1.4500000476837158203 -1.1900000572204589844 -1.1900000572204589844 -1.1900000572204589844 -1.1900000572204589844 -1.1000000238418579102 -1.2100000381469726562 -1.2300000190734863281 -1.2999999523162841797 -1.0900000333786010742 -1.0900000333786010742
-1.25 -1.3200000524520874023 -1.2599999904632568359 -0.87999999523162841797 -1.4500000476837158203 -1.0199999809265136719 -1.0199999809265136719 -0.95999997854232788086 -1.4500000476837158203 -0.77999997138977050781 -1.2599999904632568359 -1.3099999427795410156 -1.4099999666213989258 -1.4099999666213989258 -1.4900000095367431641 -1.4099999666213989258 -1.4500000476837158203 -1.7999999523162841797 -1.7999999523162841797 -1.1799999475479125977 -1.370000004768371582 -1.370000004768371582 -1.4700000286102294922 -1.2000000476837158203 -1.7999999523162841797 -1.7999999523162841797 -1.7999999523162841797 -1.5299999713897705078 -1.7999999523162841797 -1.7999999523162841797 -1.620000004768371582 -1.6699999570846557617 -1.5499999523162841797 -1.5299999713897705078 -0.56999999284744262695 -1.4500000476837158203 -1.4500000476837158203 -1.1499999761581420898 -1.2899999618530273438 -1.2300000190734863281 -1.3500000238418579102 -1.4199999570846557617 -1.3099999427795410156 -1.370000004768371582 -1.370000004768371582
-1.3300000429153442383 -1.370000004768371582 -1.4500000476837158203 -0.88999998569488525391 -1.129999995231628418 -1.129999995231628418 -1.129999995231628418 -1.2000000476837158203 -1.3600000143051147461 -1.3200000524520874023 -1.3400000333786010742 -1.3300000429153442383 -1.3500000238418579102 -1.3500000238418579102 -1.2699999809265136719 -0.28999999165534973145 -0.98000001907348632812 -1.5 -1.1000000238418579102 -1.2999999523162841797 -1.370000004768371582 -1.370000004768371582 -1.6499999761581420898 -1.7999999523162841797 -1.7999999523162841797 -1.5900000333786010742 -1.5900000333786010742 -1.7000000476837158203 -1.5499999523162841797 -1.5499999523162841797 -1.6100000143051147461 -1.0599999427795410156 -1.2100000381469726562 -1.6000000238418579102 -1.7999999523162841797 -1.0599999427795410156 -1.0599999427795410156 -1.0099999904632568359 -0.5 -1.5599999427795410156 -1.0499999523162841797 -0.99000000953674316406 -1.2100000381469726562 -1.5599999427795410156 -1.5599999427795410156
-1.2999999523162841797 -1.1699999570846557617 -0.18999999761581420898 -0.52999997138977050781 -0.68000000715255737305 -1.1000000238418579102 -1.1000000238418579102 -1.1399999856948852539 -1.3500000238418579102 -1.4500000476837158203 -1.370000004768371582 -1.3300000429153442383 -1.2599999904632568359 -1.2599999904632568359 -0.85000002384185791016 -0.75999999046325683594 -1 -1.379999995231628418 -0.82999998331069946289 -1.7999999523162841797 -1.1900000572204589844 -1.1900000572204589844 -1.5 -1.7999999523162841797 -1.7999999523162841797 -1.7999999523162841797 -1.7999999523162841797 -1.7999999523162841797 -1.7999999523162841797 -1.7999999523162841797 -1.7999999523162841797 -1.7999999523162841797 -1.7999999523162841797 -1.7999999523162841797 -1.7999999523162841797 -1.7999999523162841797 -1.7999999523162841797 -1.0060000419616699219 -1.1900000572204589844 -0.36000001430511474609 -1.4099999666213989258 -1.4400000572204589844 -1.2200000286102294922 -1.370000004768371582 -1.370000004768371582
-1.4500000476837158203 -1.4500000476837158203 -0.57000005245208740234 -1.2899999618530273438 -1.1699999570846557617 -1.1699999570846557617 -1.1699999570846557617 -1.4500000476837158203 -1.2699999809265136719 -1.2699999809265136719 -1.2699999809265136719 -1.4500000476837158203 -0.87999999523162841797 -0.87999999523162841797 -1.0599999427795410156 -1.7999999523162841797 -1.1900000572204589844 -1.2000000476837158203 -1.7999999523162841797 -1.1599999666213989258 -1.7999999523162841797 -1.7999999523162841797 -1.7999999523162841797 -1.7999999523162841797 -1.7999999523162841797 -1.629999995231628418 -1.5800000429153442383 -1.4800000190734863281 -1.4800000190734863281 -1.2799999713897705078 -1.3500000238418579102 -1.2699999809265136719 -0.91000002622604370117 -1.2599999904632568359 -1.1599999666213989258 -0.92600005865097045898 -0.92600005865097045898 -1.2400000095367431641 -1.2999999523162841797 -0.70999997854232788086 -1.1900000572204589844 -1.2799999713897705078 -1.3200000524520874023 -1.3099999427795410156 -1.3099999427795410156
-0.75 -0.75999999046325683594 -1.4500000476837158203 -1.2999999523162841797 -1.2899999618530273438 -1.4099999666213989258 -1.4099999666213989258 -1.3899999856948852539 -1.4500000476837158203 -1.4500000476837158203 -0.075000025331974029541 -0.97000002861022949219 -1.0700000524520874023 -1.0700000524520874023 -1.1499999761581420898 -1.2699999809265136719 -1.7999999523162841797 -1.7999999523162841797 -1.7999999523162841797 -1.4600000381469726562 -1.7999999523162841797 -1.7999999523162841797 -1.7999999523162841797 -1.7999999523162841797 -1.7999999523162841797 -1.7999999523162841797 -1.7999999523162841797 -1.6399999856948852539 -1.6399999856948852539 -1.7999999523162841797 -1.2300000190734863281 -1.7999999523162841797 -1.2400000095367431641 -1.2100000381469726562 -0.87999999523162841797 -0.81999999284744262695 -0.81999999284744262695 -1.3200000524520874023 -1.7999999523162841797 -0.06600008159875869751 -1.5599999427795410156 -1.5599999427795410156 -1.5599999427795410156 -1.5599999427795410156 -1.5599999427795410156
-1.4500000476837158203 -1.3300000429153442383 -1.2699999809265136719 -1.2200000286102294922 -1.2599999904632568359 -1.2599999904632568359 -1.4500000476837158203 -1.4500000476837158203 -0.9050000309944152832 -1.7999999523162841797 -0.82999998331069946289 -1.7999999523162841797 -0.93999999761581420898 -0.93999999761581420898 -1.2899999618530273438 -1.1900000572204589844 -1.1100000143051147461 -1.3999999761581420898 -1.370000004768371582 -1.7999999523162841797 -1.7999999523162841797 -1.7999999523162841797 -1.7999999523162841797 -1.7999999523162841797 -1.7999999523162841797 -1.5499999523162841797 -1.4199999570846557617 -1.5599999427795410156 -1.5599999427795410156 -1.4800000190734863281 -1.0800000429153442383 -1.7999999523162841797 -1.2599999904632568359 -1.7999999523162841797 -1.3400000333786010742 -1.2200000286102294922 -1.2200000286102294922 -1.5399999618530273438 -1.1599999666213989258 -1.5599999427795410156 -1.370000004768371582 -1.370000004768371582 -1.3300000429153442383 -1.3300000429153442383 -1.0399999618530273438
-1.3200000524520874023 -1.4500000476837158203 -1.4500000476837158203 -0.93500000238418579102 -1.7999999523162841797 -1.7999999523162841797 -1.6900000572204589844 -1.7999999523162841797 -1.129999995231628418 -1.2999999523162841797 -1.7999999523162841797 -1.7999999523162841797 -1.4199999570846557617 -1.4199999570846557617 -1.3500000238418579102 -1.7999999523162841797 -1.7999999523162841797 -1.6399999856948852539 -1.5399999618530273438 -1.7999999523162841797 -1.7999999523162841797 -1.7999999523162841797 -1.7999999523162841797 -1.6599999666213989258 -1.7999999523162841797 -1.3400000333786010742 -1.2999999523162841797 -1.7999999523162841797 -1.7999999523162841797 -1.4400000572204589844 -1.2100000381469726562 -0.99000000953674316406 -0.72000002861022949219 -0.75 -0.56000000238418579102 -0.64999997615814208984 -0.64999997615814208984 -1.7999999523162841797 -0.79600006341934204102 -1.5299999713897705078 -1.5599999427795410156 -1.5599999427795410156 -1.5599999427795410156 -1.5599999427795410156 -0.73000001907348632812
-1.4500000476837158203 -0.81000018119812011719 -0.83999997377395629883 -1.7999999523162841797 -1.2599999904632568359 -1.2599999904632568359 -1.2899999618530273438 -1.0900000333786010742 -1.7999999523162841797 -1.2400000095367431641 -1.3999999761581420898 -1.7999999523162841797 -1.3400000333786010742 -1.3400000333786010742 -1.3400000333786010742 -1.4299999475479125977 -1.4500000476837158203 -1.7999999523162841797 -1.7999999523162841797 -1.7999999523162841797 -1.2100000381469726562 -1.2100000381469726562 -1.3400000333786010742 -1.2999999523162841797 -1.3600000143051147461 -1.2999999523162841797 -1.4099999666213989258 -1.4600000381469726562 -1.4600000381469726562 -1.2699999809265136719 -0.63999998569488525391 -0.62000000476837158203 3.4039998054504394531 -0.56000000238418579102 -0.34000000357627868652 -0.17000000178813934326 -0.17000000178813934326 -0.34999999403953552246 -1.5599999427795410156 -0.75999999046325683594 -1.2300000190734863281 -1.3200000524520874023 -1.25 -1.25 -1.1100000143051147461
-0.34000000357627868652 -1.7999999523162841797 -1.7999999523162841797 -0.21999999880790710449 -1.3300000429153442383 -1.3300000429153442383 -1.4099999666213989258 -1.7999999523162841797 -1.7999999523162841797 -1.3899999856948852539 -1.5 -1.5149999856948852539 -1.5199999809265136719 -1.5199999809265136719 -1.4400000572204589844 -1.3300000429153442383 -1.5900000333786010742 -1.7999999523162841797 -1.7999999523162841797 -1.4299999475479125977 -1.4299999475479125977 -1.5499999523162841797 -1.2200000286102294922 -1.2300000190734863281 -1.4199999570846557617 -1.2899999618530273438 -1 -1.0299999713897705078 -1.0299999713897705078 -0.43000000715255737305 -0.58999997377395629883 1.1890000104904174805 -0.27000001072883605957 -0.44999998807907104492 -0.46000000834465026855 -0.60000002384185791016 -0.60000002384185791016 -1.5599999427795410156 -1.2899999618530273438 -1.2599999904632568359 -1 -1 -1.0060000419616699219 -1.0060000419616699219 -1.1000000238418579102
-0.29000017046928405762 -0.67000001668930053711 -1.7999999523162841797 -1.7999999523162841797 -0.56000000238418579102 -0.56000000238418579102 -0.43500003218650817871 -1.1699999570846557617 -1.7999999523162841797 -1.2999999523162841797 -1.4400000572204589844 -1.2999999523162841797 -1.4299999475479125977 -1.4299999475479125977 -1.7999999523162841797 -1.4400000572204589844 -1.4299999475479125977 -1.7999999523162841797 -1.7999999523162841797 -1.2000000476837158203 -1.2000000476837158203 -1.7999999523162841797 -1.2999999523162841797 -1.5199999809265136719 -1.1000000238418579102 -0.76999998092651367188 -1.1000000238418579102 -1.1599999666213989258 -1.1599999666213989258 -0.99000000953674316406 4.1789999008178710938 -0.62999999523162841797 -1.7999999523162841797 -1.7999999523162841797 -0.31999999284744262695 -0.40600007772445678711 -0.40600007772445678711 -1.5599999427795410156 -1.5599999427795410156 -1.5599999427795410156 -1.5599999427795410156 -1.5599999427795410156 -1.5599999427795410156 -1.5599999427795410156 -1.5599999427795410156
