data/demo/waterlevel_0min_40x40m.asc
ncols        561
nrows        278
xllcorner    4.817258165162
yllcorner    52.370746892638
cellsize     0.000511251697
NODATA_value  -9999
[rows 140 to 159 of 278, columns 360 to 404 of 561]
-1.6100000143051147461 -1.620000004768371582 -1.6699999570846557617 -1.5700000524520874023 -1.4500000476837158203 -1.3400000333786010742 -1.3400000333786010742 -1.2300000190734863281 -1.3999999761581420898 -1.6499999761581420898 -1.6000000238418579102 -1.5700000524520874023 -1.2000000476837158203 -1.629999995231628418 -1.629999995231628418 -2.2200000286102294922 -1.5299999713897705078 -1.5700000524520874023 -1.6000000238418579102 -1.620000004768371582 -1.6100000143051147461 -1.6100000143051147461 -1.5 -1.3500000238418579102 -0.68399995565414428711 -1.120000004768371582 -1.4299999475479125977 -1.5739998817443847656 -1.4199999570846557617 -1.4199999570846557617 -1.5099999904632568359 -2.0699999332427978516 -1.5800000429153442383 -1.3999999761581420898 -1.3300000429153442383 -1.25 -1.3400000333786010742 -1.3400000333786010742 -1.2699999809265136719 -1.370000004768371582 -1.3200000524520874023 -1.5599999427795410156 -1.2899999618530273438 -1.3099999427795410156 -1.3099999427795410156
-1.6100000143051147461 -1.620000004768371582 -1.5 -1.4960000514984130859 -1.5 -1.4099999666213989258 -1.4099999666213989258 -1.4600000381469726562 -1.7300000190734863281 -1.879999995231628418 -1.5700000524520874023 -1.620000004768371582 -1.620000004768371582 -1.4800000190734863281 -1.4800000190734863281 -1.5599999427795410156 -1.3039999008178710938 -1.629999995231628418 -1.620000004768371582 -2.2200000286102294922 -1.4800000190734863281 -1.4800000190734863281 -1.3600000143051147461 -0.87399995326995849609 -1.0299999713897705078 -1.4299999475479125977 -1.2999999523162841797 -2.0699999332427978516 -1.3999999761581420898 -1.3999999761581420898 -1.4700000286102294922 -1.5399999618530273438 -1.4700000286102294922 -1.3600000143051147461 -1.4700000286102294922 -1.2899999618530273438 -1.379999995231628418 -1.379999995231628418 -1.2899999618530273438 -1.2599999904632568359 -1.3500000238418579102 -1.4600000381469726562 -1.5599999427795410156 -1.5599999427795410156 -1.5599999427795410156
-1.629999995231628418 -1.6000000238418579102 -1.5299999713897705078 -1.620000004768371582 -1.3099999427795410156 -1.7699999809265136719 -1.7699999809265136719 -1.6599999666213989258 -1.9800000190734863281 -1.629999995231628418 -1.6499999761581420898 -1.6599999666213989258 -2.0699999332427978516 -1.6900000572204589844 -1.6900000572204589844 -1.7000000476837158203 -1.5800000429153442383 -1.4400000572204589844 -1.3300000429153442383 -1.5399999618530273438 -1.5700000524520874023 -1.5700000524520874023 -0.97399991750717163086 -1 -1.4800000190734863281 -1.1900000572204589844 -1.5 -1.4800000190734863281 -1.5599999427795410156 -1.5599999427795410156 -1.5800000429153442383 -1.5099999904632568359 -2.0699999332427978516 -1.4299999475479125977 -1.5599999427795410156 -1.3300000429153442383 -1.3999999761581420898 -1.3999999761581420898 -1.4199999570846557617 -1.379999995231628418 -1.370000004768371582 -1.4199999570846557617 -1.379999995231628418 -1.3999999761581420898 -1.3999999761581420898
-1.5 -1.6000000238418579102 -2.2200000286102294922 -1.7899999618530273438 -1.879999995231628418 -1.8300000429153442383 -1.8300000429153442383 -1.7200000286102294922 -1.5900000333786010742 -1.6900000572204589844 -1.7200000286102294922 -1.6399999856948852539 -1.7400000095367431641 -1.629999995231628418 -1.629999995231628418 -1.629999995231628418 -1.6599999666213989258 -1.6000000238418579102 -1.26399993896484375 -1.4539998769760131836 -1.5599999427795410156 -1.5599999427795410156 -1.4900000095367431641 -1.3300000429153442383 -1.5900000333786010742 -1.5199999809265136719 -1.4800000190734863281 -1.5399999618530273438 -1.7000000476837158203 -1.7000000476837158203 -1.4900000095367431641 -1.5299999713897705078 -1.4800000190734863281 -1.4900000095367431641 -1.5599999427795410156 -1.6000000238418579102 -1.3300000429153442383 -1.3300000429153442383 -1.5599999427795410156 -1.4500000476837158203 -1.4400000572204589844 -1.4099999666213989258 -1.379999995231628418 -1.3400000333786010742 -1.3400000333786010742
-1.5199999809265136719 -1.870000004768371582 -1.7200000286102294922 -1.8200000524520874023 -2.1900000572204589844 -1.7699999809265136719 -1.7699999809265136719 -2.1400001049041748047 -1.7699999809265136719 -1.7100000381469726562 -2.0599999427795410156 -1.640999913215637207 -1.7200000286102294922 -1.7100000381469726562 -1.7100000381469726562 -1.6900000572204589844 -1.6100000143051147461 -1.6000000238418579102 -0.85000002384185791016 -1.5599999427795410156 -1.4800000190734863281 -1.4800000190734863281 -1.4199999570846557617 -1.5299999713897705078 -1.4900000095367431641 -1.4500000476837158203 -1.4400000572204589844 -1.4500000476837158203 -1.4900000095367431641 -1.4900000095367431641 -1.5 -1.4199999570846557617 -1.4500000476837158203 -1.5199999809265136719 -1.379999995231628418 -1.3899999856948852539 -1.370000004768371582 -1.370000004768371582 -1.5599999427795410156 -1.2899999618530273438 -1.3600000143051147461 -1.379999995231628418 -1.2899999618530273438 -1.3500000238418579102 -1.3500000238418579102
-1.7799999713897705078 -2.2200000286102294922 -1.870000004768371582 -1.8300000429153442383 -1.9099999666213989258 -1.7000000476837158203 -1.7000000476837158203 -1.7100000381469726562 -1.7100000381469726562 -1.7100000381469726562 -1.7200000286102294922 -1.629999995231628418 -1.629999995231628418 -1.6399999856948852539 -1.6399999856948852539 -1.6699999570846557617 -0.87999999523162841797 -1.5599999427795410156 -1.6499999761581420898 -1.6100000143051147461 -1.2420001029968261719 -1.2420001029968261719 -1.3400000333786010742 -2.0699999332427978516 -1.3600000143051147461 -1.4099999666213989258 -1.5499999523162841797 -1.5299999713897705078 -1.5700000524520874023 -1.5700000524520874023 -1.4900000095367431641 -1.4800000190734863281 -1.4600000381469726562 -1.3600000143051147461 -1.1140000820159912109 -1.3300000429153442383 -1.3300000429153442383 -1.3600000143051147461 -1.5599999427795410156 -1.4099999666213989258 -1.370000004768371582 -1.2699999809265136719 -1.1900000572204589844 -1.2000000476837158203 -1.2000000476837158203
-1.7999999523162841797 -1.9400000572204589844 -2.1199998855590820312 -1.9500000476837158203 -2.2200000286102294922 -1.7000000476837158203 -1.7000000476837158203 -1.6699999570846557617 -1.7599999904632568359 -1.6900000572204589844 -1.6499999761581420898 -1.7100000381469726562 -1.6900000572204589844 -1.6900000572204589844 -1.6799999475479125977 -0.67000001668930053711 -1.5599999427795410156 -2.0699999332427978516 -1.7000000476837158203 -1.7000000476837158203 -1.620000004768371582 -1.620000004768371582 -1.4700000286102294922 -1.379999995231628418 -0.70999997854232788086 -1.0700000524520874023 -2.0699999332427978516 -1.6100000143051147461 -1.5299999713897705078 -1.5299999713897705078 -1.6399999856948852539 -1.5399999618530273438 -1.4700000286102294922 -1.3600000143051147461 -1.5800000429153442383 -1.3600000143051147461 -1.3600000143051147461 -1.2000000476837158203 -1.3500000238418579102 -1.2200000286102294922 -1.4800000190734863281 -1.4600000381469726562 -1.3400000333786010742 -1.2699999809265136719 -1.2699999809265136719
-1.870000004768371582 -2.1199998855590820312 -1.7999999523162841797 -1.7699999809265136719 -2.2200000286102294922 -1.7599999904632568359 -1.7599999904632568359 -1.7300000190734863281 -2.2200000286102294922 -1.7100000381469726562 -1.6900000572204589844 -1.6799999475479125977 -1.4099999666213989258 -1.4099999666213989258 -0.76200008392333984375 -1.5599999427795410156 -1.6100000143051147461 -1.6699999570846557617 -1.6699999570846557617 -1.7300000190734863281 -1.7300000190734863281 -1.7300000190734863281 -1.6799999475479125977 -1.5599999427795410156 -0.80000001192092895508 -0.4999999701976776123 -1.370000004768371582 -1.5599999427795410156 -1.5599999427795410156 -1.5599999427795410156 -1.5199999809265136719 -2.0699999332427978516 -1.5399999618530273438 -1.5 -1.4199999570846557617 -1.2899999618530273438 -1.2899999618530273438 -1.3899999856948852539 -1.4900000095367431641 -1.5299999713897705078 -1.3099999427795410156 -1.2999999523162841797 -1.379999995231628418 -1.3999999761581420898 -1.3999999761581420898
-1.9600000381469726562 -2.1800000667572021484 -1.8300000429153442383 -1.75 -1.7000000476837158203 -1.7400000095367431641 -1.7400000095367431641 -2.2200000286102294922 -1.7000000476837158203 -0.94999998807907104492 -0.54099988937377929688 -1.5599999427795410156 -1.6100000143051147461 -1.6100000143051147461 -1.6599999666213989258 -1.5599999427795410156 -1.5599999427795410156 -1.6399999856948852539 -1.7699999809265136719 -1.8200000524520874023 -1.8099999427795410156 -1.8099999427795410156 -1.7300000190734863281 -1.6900000572204589844 -0.88999998569488525391 -0.75 -1.6100000143051147461 -1.629999995231628418 -1.5399999618530273438 -1.5399999618530273438 -1.5 -1.620000004768371582 -1.5800000429153442383 -1.5399999618530273438 -1.2999999523162841797 -1.4600000381469726562 -1.4600000381469726562 -1.370000004768371582 -1.4199999570846557617 -1.4299999475479125977 -1.2300000190734863281 -1.3400000333786010742 -1.3400000333786010742 -1.370000004768371582 -1.370000004768371582
-1.6900000572204589844 -1.7300000190734863281 -2.2200000286102294922 -1.6799999475479125977 -1.6799999475479125977 -1.629999995231628418 -1.629999995231628418 -1.5599999427795410156 -0.67099988460540771484 -1.5599999427795410156 -1.6699999570846557617 -1.620000004768371582 -1.620000004768371582 -1.620000004768371582 -1.5900000333786010742 -1.6399999856948852539 -1.5900000333786010742 -1.8200000524520874023 -1.8400000333786010742 -1.9500000476837158203 -2.2100000381469726562 -2.2100000381469726562 -1.7899999618530273438 -1.7000000476837158203 -1.352000117301940918 -1.5599999427795410156 -1.6000000238418579102 -1.5499999523162841797 -1.379999995231628418 -1.379999995231628418 -1.2599999904632568359 -1.4099999666213989258 -1.6000000238418579102 -1.3500000238418579102 -1.5299999713897705078 -1.4700000286102294922 -1.4700000286102294922 -1.3999999761581420898 -1.4299999475479125977 -1.3300000429153442383 -1.4500000476837158203 -1.4400000572204589844 -1.3400000333786010742 -1.5599999427795410156 -1.5599999427795410156
-1.620000004768371582 -1.7300000190734863281 -1.3400000333786010742 -0.72000002861022949219 -0.48099988698959350586 -1.1799999475479125977 -1.1799999475479125977 -1.7899999618530273438 -1.7100000381469726562 -1.6699999570846557617 -1.6599999666213989258 -1.6599999666213989258 -1.7699999809265136719 -1.7699999809265136719 -1.870000004768371582 -1.7400000095367431641 -1.6799999475479125977 -1.6499999761581420898 -1.8099999427795410156 -1.5800000429153442383 -2 -2 -1.3999999761581420898 -1.4900000095367431641 -1.3099999427795410156 -1.1699999570846557617 -1.370000004768371582 -0.87000000476837158203 -1.1900000572204589844 -1.1900000572204589844 -1.379999995231628418 -1.3200000524520874023 -1.4700000286102294922 -1.5 -1.4900000095367431641 -2.0699999332427978516 -2.0699999332427978516 -1.5599999427795410156 -1.4199999570846557617 -1.3500000238418579102 -1.3400000333786010742 -1.2999999523162841797 -1.5599999427795410156 -1.5800000429153442383 -1.5800000429153442383
-1.4700000286102294922 -0.76999998092651367188 -0.46099987626075744629 -1.5599999427795410156 -1.7699999809265136719 -1.6799999475479125977 -1.6799999475479125977 -1.6900000572204589844 -1.7400000095367431641 -2.0399999618530273438 -1.7200000286102294922 -1.8400000333786010742 -1.7200000286102294922 -1.7200000286102294922 -1.7300000190734863281 -1.6100000143051147461 -1.6499999761581420898 -1.620000004768371582 -1.9299999475479125977 -1.3999999761581420898 -1.5 -1.5 -1.3899999856948852539 -1.3899999856948852539 -1.3600000143051147461 -1.3200000524520874023 -1.25 -0.88999998569488525391 -0.88999998569488525391 -1.0499999523162841797 -1.1000000238418579102 -1.4099999666213989258 -1.6000000238418579102 -1.5599999427795410156 -1.4700000286102294922 -1.4800000190734863281 -1.4800000190734863281 -1.3500000238418579102 -1.4099999666213989258 -1.5099999904632568359 -1.5599999427795410156 -1.4600000381469726562 -1.5299999713897705078 -1.7000000476837158203 -1.7000000476837158203
-2.0699999332427978516 -1.6900000572204589844 -1.6599999666213989258 -1.7599999904632568359 -1.7000000476837158203 -1.7000000476837158203 -1.7100000381469726562 -1.9500000476837158203 -1.8099999427795410156 -1.7200000286102294922 -2.0699999332427978516 -1.5800000429153442383 -1.6100000143051147461 -1.6100000143051147461 -1.9700000286102294922 -1.5700000524520874023 -1.4900000095367431641 -1.6100000143051147461 -1.3600000143051147461 -1.2999999523162841797 -1.4199999570846557617 -1.4199999570846557617 -1.4099999666213989258 -1.3099999427795410156 -1.1900000572204589844 -1.1919999122619628906 -1.5619999170303344727 -1.1919999122619628906 -1.1919999122619628906 -1.129999995231628418 -1.1599999666213989258 -1.3099999427795410156 -1.3899999856948852539 -1.4500000476837158203 -1.4600000381469726562 -1.5700000524520874023 -1.5700000524520874023 -1.5299999713897705078 -1.3899999856948852539 -1.2200000286102294922 -1.5800000429153442383 -1.6100000143051147461 -1.6699999570846557617 -1.6000000238418579102 -1.6000000238418579102
-1.5900000333786010742 -1.6900000572204589844 -1.6799999475479125977 -1.5199999809265136719 -1.6900000572204589844 -1.6900000572204589844 -1.6799999475479125977 -1.7200000286102294922 -1.8600000143051147461 -1.7699999809265136719 -1.7300000190734863281 -1.629999995231628418 -1.5900000333786010742 -1.5900000333786010742 -1.4600000381469726562 -1.4700000286102294922 -1.3300000429153442383 -1.1799999475479125977 -1.2599999904632568359 -1.3500000238418579102 -1.2599999904632568359 -1.2599999904632568359 -1.2100000381469726562 -1.2799999713897705078 -1.3400000333786010742 -1.3500000238418579102 -1.4800000190734863281 -1.3999999761581420898 -1.3999999761581420898 -1.5720001459121704102 -1.4500000476837158203 -2.0699999332427978516 -1.2720000743865966797 -1.0020000934600830078 -1.4600000381469726562 -1.3899999856948852539 -1.3899999856948852539 -1.3200000524520874023 -1.4299999475479125977 -1.5099999904632568359 -1.6000000238418579102 -1.620000004768371582 -1.5900000333786010742 -1.6499999761581420898 -1.6499999761581420898
-1.4099999666213989258 -1.4900000095367431641 -1.5299999713897705078 -1.7400000095367431641 -1.7699999809265136719 -1.7699999809265136719 -1.8600000143051147461 -1.7400000095367431641 -1.8500000238418579102 -1.7999999523162841797 -1.6599999666213989258 -1.3999999761581420898 -1.4600000381469726562 -1.4600000381469726562 -1.379999995231628418 -1.2799999713897705078 -1.4500000476837158203 -1.5800000429153442383 -1.3099999427795410156 -1.2999999523162841797 -1.1619999408721923828 -1.1619999408721923828 -1.6000000238418579102 -1.5800000429153442383 -1.5399999618530273438 -1.4500000476837158203 -1.4800000190734863281 -1.4900000095367431641 -1.4900000095367431641 -1.1900000572204589844 -1.2300000190734863281 -1.5399999618530273438 -1.5900000333786010742 -1.5599999427795410156 -1.5800000429153442383 -1.629999995231628418 -1.629999995231628418 -1.7300000190734863281 -1.5700000524520874023 -1.370000004768371582 -1.379999995231628418 -1.2220001220703125 -1.5120000839233398438 -0.993000030517578125 -0.993000030517578125
-1.25 -0.77999997138977050781 -0.97000002861022949219 -1.7000000476837158203 -1.7699999809265136719 -1.7699999809265136719 -1.6100000143051147461 -2.0399999618530273438 -1.5099999904632568359 -1.4299999475479125977 -1.5399999618530273438 -1.6499999761581420898 -1.6599999666213989258 -1.6599999666213989258 -1.5900000333786010742 -1.3600000143051147461 -1.1619999408721923828 -1.120000004768371582 -1.75 -2.0699999332427978516 -1.6599999666213989258 -1.6599999666213989258 -1.6900000572204589844 -2.0699999332427978516 -1.5599999427795410156 -1.5599999427795410156 -1.6000000238418579102 -1.5800000429153442383 -1.5800000429153442383 -1.1699999570846557617 -1.0900000333786010742 -1.1699999570846557617 -1.6599999666213989258 -1.9700000286102294922 -1.6699999570846557617 -1.75 -1.75 -1.7400000095367431641 -2.0699999332427978516 -1.5199999809265136719 -1.6100000143051147461 -1.5700000524520874023 -1.7799999713897705078 -1.4900000095367431641 -1.4900000095367431641
-0.87000000476837158203 -1.2100000381469726562 -1.1399999856948852539 -1.4700000286102294922 -1.3200000524520874023 -1.3200000524520874023 -1.629999995231628418 -1.6599999666213989258 -1.4299999475479125977 -1.6499999761581420898 -1.7200000286102294922 -1.6599999666213989258 -1.4800000190734863281 -1.4800000190734863281 -1.4519999027252197266 -1.4500000476837158203 -1.3400000333786010742 -1.0900000333786010742 -0.92000001668930053711 -1.6900000572204589844 -1.6599999666213989258 -1.6599999666213989258 -1.7999999523162841797 -1.5700000524520874023 -1.5700000524520874023 -1.4500000476837158203 -1.4800000190734863281 -1.5299999713897705078 -1.5299999713897705078 -1.3200000524520874023 -1.1499999761581420898 -1.4900000095367431641 -1.3999999761581420898 -1.5399999618530273438 -1.620000004768371582 -2.0699999332427978516 -2.0699999332427978516 -1.75 -1.9700000286102294922 -1.7400000095367431641 -1.6499999761581420898 -2.1400001049041748047 -1.6599999666213989258 -1.5399999618530273438 -1.5399999618530273438
-1.0299999713897705078 -0.87000000476837158203 -1.3200000524520874023 -1.2799999713897705078 -1.4400000572204589844 -1.4400000572204589844 -1.6399999856948852539 -1.6599999666213989258 -1.3999999761581420898 -1.0599999427795410156 -1.7799999713897705078 -1.7999999523162841797 -1.6599999666213989258 -1.6599999666213989258 -1.3600000143051147461 -1.6699999570846557617 -1.4199999570846557617 -1.5299999713897705078 -1.3899999856948852539 -1.5319999456405639648 -1.5700000524520874023 -1.5700000524520874023 -1.7100000381469726562 -1.4099999666213989258 -1.629999995231628418 -1.75 -2.0699999332427978516 -2.0699999332427978516 -2.0699999332427978516 -1.6499999761581420898 -1.379999995231628418 -1.5120000839233398438 -1.6100000143051147461 -2.0699999332427978516 -1.7799999713897705078 -1.879999995231628418 -1.879999995231628418 -1.9800000190734863281 -1.9299999475479125977 -1.8999999761581420898 -1.8600000143051147461 -2 -1.6799999475479125977 -1.6799999475479125977 -1.6599999666213989258
-0.83000004291534423828 -0.81999999284744262695 -0.68999993801116943359 -1.0700000524520874023 1.7599999904632568359 1.7599999904632568359 -1.75 -1.0800000429153442383 -0.62999999523162841797 -1.6599999666213989258 -1.129999995231628418 -1.3400000333786010742 -1.6499999761581420898 -1.6499999761581420898 -1.6799999475479125977 -1.5399999618530273438 -1.8300000429153442383 -1.3300000429153442383 -1.5 -1.6499999761581420898 -1.6499999761581420898 -1.6100000143051147461 -1.5199999809265136719 -1.4400000572204589844 -1.8200000524520874023 -1.620000004768371582 -1.6900000572204589844 -1.75 -1.75 -1.8899999856948852539 -2.0099999904632568359 -1.9800000190734863281 -2 -1.9099999666213989258 -2 -1.8899999856948852539 -1.8899999856948852539 -1.9199999570846557617 -1.8999999761581420898 -1.7599999904632568359 -1.7300000190734863281 -1.7300000190734863281 -2.0599999427795410156 -2.0599999427795410156 -1.7100000381469726562
-1.5599999427795410156 -1.4199999570846557617 -1.4299999475479125977 -1.5599999427795410156 -1.5499999523162841797 -1.5499999523162841797 -1.3899999856948852539 -1.3300000429153442383 -1.3899999856948852539 -1.3500000238418579102 -1.0500000715255737305 -1.0199999809265136719 -1.2999999523162841797 -1.2999999523162841797 -1.4099999666213989258 -1.4600000381469726562 -1.5700000524520874023 -1.5700000524520874023 -1.5 -1.75 -1.75 -1.4400000572204589844 -1.4500000476837158203 -1.7200000286102294922 -2.0699999332427978516 -1.8600000143051147461 -1.8099999427795410156 -1.879999995231628418 -1.879999995231628418 -1.8099999427795410156 -1.8500000238418579102 -1.7899999618530273438 -1.879999995231628418 -1.7699999809265136719 -1.8500000238418579102 -1.9400000572204589844 -1.9400000572204589844 -1.8099999427795410156 -1.9099999666213989258 -1.8500000238418579102 -1.8999999761581420898 -1.9299999475479125977 -1.8200000524520874023 -1.8200000524520874023 -1.8500000238418579102
