data/demo/waterlevel_120min_40x40m.asc
ncols        561
nrows        278
xllcorner    4.817258165162
yllcorner    52.370746892638
cellsize     0.000511251697
NODATA_value  -9999
[rows 252 to 272 of 278, columns 329 to 375 of 561]
-0.86667281389236450195 -0.86346042156219482422 -0.86346042156219482422 -0.86212635040283203125 -0.86212635040283203125 -0.86719810962677001953 -0.86719810962677001953 -0.86719810962677001953 -0.86719810962677001953 -0.86719810962677001953 -0.86988824605941772461 -0.86988824605941772461 -0.86988824605941772461 -0.86988824605941772461 -0.87380957603454589844 -0.87380957603454589844 -0.87380957603454589844 -0.87380957603454589844 -0.87380957603454589844 -0.87893307209014892578 -0.87893307209014892578 -0.87893307209014892578 -0.87893307209014892578 -0.87893307209014892578 -0.87954401969909667969 -0.87954401969909667969 -0.88345432281494140625 -0.88345432281494140625 -0.88298547267913818359 -0.88298547267913818359 -0.88580149412155151367 -0.88580149412155151367 -0.88580149412155151367 -0.9616711735725402832 -0.9616711735725402832 -0.9616711735725402832 -0.9616711735725402832 -0.970134735107421875 -0.970134735107421875 -0.970134735107421875 -0.970134735107421875 -0.970134735107421875 -1.0578355789184570312 -1.0578355789184570312 -1.0578355789184570312 -1.0578355789184570312 -1.0578355789184570312
-0.85644054412841796875 -0.85761564970016479492 -0.85761564970016479492 -0.86156427860260009766 -0.86156427860260009766 -0.86719810962677001953 -0.86719810962677001953 -0.86719810962677001953 -0.86719810962677001953 -0.86719810962677001953 -0.86988824605941772461 -0.86988824605941772461 -0.86988824605941772461 -0.86988824605941772461 -0.87380957603454589844 -0.87380957603454589844 -0.87380957603454589844 -0.87380957603454589844 -0.87380957603454589844 -0.87893307209014892578 -0.87893307209014892578 -0.87893307209014892578 -0.87893307209014892578 -0.87893307209014892578 -0.88028413057327270508 -0.88028413057327270508 -0.88104653358459472656 -0.88104653358459472656 -0.88418251276016235352 -0.88418251276016235352 -0.89224165678024291992 -0.89224165678024291992 -0.89224165678024291992 -0.9616711735725402832 -0.9616711735725402832 -0.9616711735725402832 -0.9616711735725402832 -0.970134735107421875 -0.970134735107421875 -0.970134735107421875 -0.970134735107421875 -0.970134735107421875 -1.0578355789184570312 -1.0578355789184570312 -1.0578355789184570312 -1.0578355789184570312 -1.0578355789184570312
-0.85644054412841796875 -0.85761564970016479492 -0.85761564970016479492 -0.86156427860260009766 -0.86156427860260009766 -0.86719810962677001953 -0.86719810962677001953 -0.86719810962677001953 -0.86719810962677001953 -0.86719810962677001953 -0.86988824605941772461 -0.86988824605941772461 -0.86663639545440673828 -0.86663639545440673828 -0.88088470697402954102 -0.88088470697402954102 -0.88088470697402954102 -0.84516328573226928711 -0.84516328573226928711 -0.85467487573623657227 -0.85467487573623657227 -0.87726801633834838867 -0.87726801633834838867 -0.87726801633834838867 -0.8769658207893371582 -0.8769658207893371582 -0.87821698188781738281 -0.87821698188781738281 -0.87973332405090332031 -0.87973332405090332031 -0.87973332405090332031 -0.87973332405090332031 -0.87973332405090332031 -0.96559321880340576172 -0.96559321880340576172 -0.96559321880340576172 -0.96559321880340576172 -0.96559321880340576172 -0.96559321880340576172 -0.96559321880340576172 -0.96559321880340576172 -0.96559321880340576172 -1.0234054327011108398 -1.0234054327011108398 -1.0234054327011108398 -1.0234054327011108398 -1.0234054327011108398
-0.85609197616577148438 -0.85735410451889038086 -0.85735410451889038086 -0.85971444845199584961 -0.85971444845199584961 -0.86507058143615722656 -0.86507058143615722656 -0.86507058143615722656 -0.86837774515151977539 -0.86837774515151977539 -0.87068593502044677734 -0.87068593502044677734 -0.86663639545440673828 -0.86663639545440673828 -0.88088470697402954102 -0.88088470697402954102 -0.88088470697402954102 -0.84516328573226928711 -0.84516328573226928711 -0.85467487573623657227 -0.85467487573623657227 -0.87726801633834838867 -0.87726801633834838867 -0.87726801633834838867 -0.8769658207893371582 -0.8769658207893371582 -0.87821698188781738281 -0.87821698188781738281 -0.87973332405090332031 -0.87973332405090332031 -0.87973332405090332031 -0.87973332405090332031 -0.87973332405090332031 -0.96559321880340576172 -0.96559321880340576172 -0.96559321880340576172 -0.96559321880340576172 -0.96559321880340576172 -0.96559321880340576172 -0.96559321880340576172 -0.96559321880340576172 -0.96559321880340576172 -1.0234054327011108398 -1.0234054327011108398 -1.0234054327011108398 -1.0234054327011108398 -1.0234054327011108398
-0.85633558034896850586 -0.85780960321426391602 -0.85780960321426391602 -0.86591643095016479492 -0.86591643095016479492 -0.85595190525054931641 -0.85595190525054931641 -0.85595190525054931641 -0.83348554372787475586 -0.83348554372787475586 -0.82150608301162719727 -0.82150608301162719727 -0.83853292465209960938 -0.83853292465209960938 -0.81566166877746582031 -0.81566166877746582031 -0.81566166877746582031 -0.81326490640640258789 -0.81326490640640258789 -0.82622814178466796875 -0.82622814178466796875 -0.85557472705841064453 -0.85557472705841064453 -0.85557472705841064453 -0.87157487869262695312 -0.87157487869262695312 -0.87516111135482788086 -0.87516111135482788086 -0.87973332405090332031 -0.87973332405090332031 -0.87973332405090332031 -0.87973332405090332031 -0.87973332405090332031 -0.96559321880340576172 -0.96559321880340576172 -0.96559321880340576172 -0.96559321880340576172 -0.96559321880340576172 -0.96559321880340576172 -0.96559321880340576172 -0.96559321880340576172 -0.96559321880340576172 -1.0234054327011108398 -1.0234054327011108398 -1.0234054327011108398 -1.0234054327011108398 -1.0234054327011108398
-0.85801213979721069336 -0.85935872793197631836 -0.85935872793197631836 -0.8558947443962097168 -0.8558947443962097168 -0.80953454971313476562 -0.80953454971313476562 -0.80953454971313476562 -0.80953454971313476562 -0.80953454971313476562 -0.77175956964492797852 -0.77175956964492797852 -0.77175956964492797852 -0.77175956964492797852 -0.78750270605087280273 -0.78750270605087280273 -0.78750270605087280273 -0.78750270605087280273 -0.78750270605087280273 -0.80720847845077514648 -0.80720847845077514648 -0.80720847845077514648 -0.80720847845077514648 -0.80720847845077514648 -0.86550718545913696289 -0.86550718545913696289 -0.86550718545913696289 -0.86550718545913696289 -0.87607270479202270508 -0.87607270479202270508 -0.87607270479202270508 -0.87607270479202270508 -0.87607270479202270508 -0.96559321880340576172 -0.96559321880340576172 -0.96559321880340576172 -0.96559321880340576172 -0.96559321880340576172 -0.96559321880340576172 -0.96559321880340576172 -0.96559321880340576172 -0.96559321880340576172 -1.0234054327011108398 -1.0234054327011108398 -1.0234054327011108398 -1.0234054327011108398 -1.0234054327011108398
-0.85801213979721069336 -0.85935872793197631836 -0.85935872793197631836 -0.8558947443962097168 -0.8558947443962097168 -0.80953454971313476562 -0.80953454971313476562 -0.80953454971313476562 -0.80953454971313476562 -0.80953454971313476562 -0.77175956964492797852 -0.77175956964492797852 -0.77175956964492797852 -0.77175956964492797852 -0.78750270605087280273 -0.78750270605087280273 -0.78750270605087280273 -0.78750270605087280273 -0.78750270605087280273 -0.80720847845077514648 -0.80720847845077514648 -0.80720847845077514648 -0.80720847845077514648 -0.80720847845077514648 -0.86550718545913696289 -0.86550718545913696289 -0.86550718545913696289 -0.86550718545913696289 -0.87607270479202270508 -0.87607270479202270508 -0.87607270479202270508 -0.87607270479202270508 -0.87607270479202270508 -0.96559321880340576172 -0.96559321880340576172 -0.96559321880340576172 -0.96559321880340576172 -0.96559321880340576172 -0.96559321880340576172 -0.96559321880340576172 -0.96559321880340576172 -0.96559321880340576172 -1.0234054327011108398 -1.0234054327011108398 -1.0234054327011108398 -1.0234054327011108398 -1.0234054327011108398
-0.85529428720474243164 -0.85374522209167480469 -0.85374522209167480469 -0.85248178243637084961 -0.85248178243637084961 -0.80953454971313476562 -0.80953454971313476562 -0.80953454971313476562 -0.80953454971313476562 -0.80953454971313476562 -0.77175956964492797852 -0.77175956964492797852 -0.77175956964492797852 -0.77175956964492797852 -0.78750270605087280273 -0.78750270605087280273 -0.78750270605087280273 -0.78750270605087280273 -0.78750270605087280273 -0.80720847845077514648 -0.80720847845077514648 -0.80720847845077514648 -0.80720847845077514648 -0.80720847845077514648 -0.86550718545913696289 -0.86550718545913696289 -0.86550718545913696289 -0.86550718545913696289 -0.87607270479202270508 -0.87607270479202270508 -0.87607270479202270508 -0.87607270479202270508 -0.87607270479202270508 -0.96559321880340576172 -0.96559321880340576172 -0.96559321880340576172 -0.96559321880340576172 -0.96559321880340576172 -0.96559321880340576172 -0.96559321880340576172 -0.96559321880340576172 -0.96559321880340576172 -1.0234054327011108398 -1.0234054327011108398 -1.0234054327011108398 -1.0234054327011108398 -1.0234054327011108398
-0.8592020869255065918 -0.84517449140548706055 -0.84517449140548706055 -0.84517449140548706055 -0.84517449140548706055 -0.62886250019073486328 -0.62886250019073486328 -0.62886250019073486328 -0.62886250019073486328 -0.62886250019073486328 -0.62886250019073486328 -0.62886250019073486328 -0.62886250019073486328 -0.62886250019073486328 -0.8080838322639465332 -0.8080838322639465332 -0.8080838322639465332 -0.8080838322639465332 -0.8080838322639465332 -0.8080838322639465332 -0.8080838322639465332 -0.8080838322639465332 -0.8080838322639465332 -0.8080838322639465332 -0.92788100242614746094 -0.92788100242614746094 -0.92788100242614746094 -0.92788100242614746094 -0.92788100242614746094 -0.92788100242614746094 -0.92788100242614746094 -0.92788100242614746094 -0.92788100242614746094 -0.98846948146820068359 -0.98846948146820068359 -0.98846948146820068359 -0.98846948146820068359 -0.98846948146820068359 -0.98846948146820068359 -0.98846948146820068359 -0.98846948146820068359 -0.98846948146820068359 -1 -1 -1 -1 -1
-0.8592020869255065918 -0.84517449140548706055 -0.84517449140548706055 -0.84517449140548706055 -0.84517449140548706055 -0.62886250019073486328 -0.62886250019073486328 -0.62886250019073486328 -0.62886250019073486328 -0.62886250019073486328 -0.62886250019073486328 -0.62886250019073486328 -0.62886250019073486328 -0.62886250019073486328 -0.8080838322639465332 -0.8080838322639465332 -0.8080838322639465332 -0.8080838322639465332 -0.8080838322639465332 -0.8080838322639465332 -0.8080838322639465332 -0.8080838322639465332 -0.8080838322639465332 -0.8080838322639465332 -0.92788100242614746094 -0.92788100242614746094 -0.92788100242614746094 -0.92788100242614746094 -0.92788100242614746094 -0.92788100242614746094 -0.92788100242614746094 -0.92788100242614746094 -0.92788100242614746094 -0.98846948146820068359 -0.98846948146820068359 -0.98846948146820068359 -0.98846948146820068359 -0.98846948146820068359 -0.98846948146820068359 -0.98846948146820068359 -0.98846948146820068359 -0.98846948146820068359 -1 -1 -1 -1 -1
-0.8592020869255065918 -0.84517449140548706055 -0.84517449140548706055 -0.84517449140548706055 -0.84517449140548706055 -0.62886250019073486328 -0.62886250019073486328 -0.62886250019073486328 -0.62886250019073486328 -0.62886250019073486328 -0.62886250019073486328 -0.62886250019073486328 -0.62886250019073486328 -0.62886250019073486328 -0.8080838322639465332 -0.8080838322639465332 -0.8080838322639465332 -0.8080838322639465332 -0.8080838322639465332 -0.8080838322639465332 -0.8080838322639465332 -0.8080838322639465332 -0.8080838322639465332 -0.8080838322639465332 -0.92788100242614746094 -0.92788100242614746094 -0.92788100242614746094 -0.92788100242614746094 -0.92788100242614746094 -0.92788100242614746094 -0.92788100242614746094 -0.92788100242614746094 -0.92788100242614746094 -0.98846948146820068359 -0.98846948146820068359 -0.98846948146820068359 -0.98846948146820068359 -0.98846948146820068359 -0.98846948146820068359 -0.98846948146820068359 -0.98846948146820068359 -0.98846948146820068359 -1 -1 -1 -1 -1
-0.86484527587890625 -0.87193775177001953125 -0.87193775177001953125 -0.87193775177001953125 -0.87193775177001953125 -0.62886250019073486328 -0.62886250019073486328 -0.62886250019073486328 -0.62886250019073486328 -0.62886250019073486328 -0.62886250019073486328 -0.62886250019073486328 -0.62886250019073486328 -0.62886250019073486328 -0.8080838322639465332 -0.8080838322639465332 -0.8080838322639465332 -0.8080838322639465332 -0.8080838322639465332 -0.8080838322639465332 -0.8080838322639465332 -0.8080838322639465332 -0.8080838322639465332 -0.8080838322639465332 -0.92788100242614746094 -0.92788100242614746094 -0.92788100242614746094 -0.92788100242614746094 -0.92788100242614746094 -0.92788100242614746094 -0.92788100242614746094 -0.92788100242614746094 -0.92788100242614746094 -0.98846948146820068359 -0.98846948146820068359 -0.98846948146820068359 -0.98846948146820068359 -0.98846948146820068359 -0.98846948146820068359 -0.98846948146820068359 -0.98846948146820068359 -0.98846948146820068359 -1 -1 -1 -1 -1
-0.86484527587890625 -0.87193775177001953125 -0.87193775177001953125 -0.87193775177001953125 -0.87193775177001953125 -0.62886250019073486328 -0.62886250019073486328 -0.62886250019073486328 -0.62886250019073486328 -0.62886250019073486328 -0.62886250019073486328 -0.62886250019073486328 -0.62886250019073486328 -0.62886250019073486328 -0.8080838322639465332 -0.8080838322639465332 -0.8080838322639465332 -0.8080838322639465332 -0.8080838322639465332 -0.8080838322639465332 -0.8080838322639465332 -0.8080838322639465332 -0.8080838322639465332 -0.8080838322639465332 -0.92788100242614746094 -0.92788100242614746094 -0.92788100242614746094 -0.92788100242614746094 -0.92788100242614746094 -0.92788100242614746094 -0.92788100242614746094 -0.92788100242614746094 -0.92788100242614746094 -0.98846948146820068359 -0.98846948146820068359 -0.98846948146820068359 -0.98846948146820068359 -0.98846948146820068359 -0.98846948146820068359 -0.98846948146820068359 -0.98846948146820068359 -0.98846948146820068359 -1 -1 -1 -1 -1
-0.86484527587890625 -0.87193775177001953125 -0.87193775177001953125 -0.87193775177001953125 -0.87193775177001953125 -0.62886250019073486328 -0.62886250019073486328 -0.62886250019073486328 -0.62886250019073486328 -0.62886250019073486328 -0.62886250019073486328 -0.62886250019073486328 -0.62886250019073486328 -0.62886250019073486328 -0.8080838322639465332 -0.8080838322639465332 -0.8080838322639465332 -0.8080838322639465332 -0.8080838322639465332 -0.8080838322639465332 -0.8080838322639465332 -0.8080838322639465332 -0.8080838322639465332 -0.8080838322639465332 -0.92788100242614746094 -0.92788100242614746094 -0.92788100242614746094 -0.92788100242614746094 -0.92788100242614746094 -0.92788100242614746094 -0.92788100242614746094 -0.92788100242614746094 -0.92788100242614746094 -0.98846948146820068359 -0.98846948146820068359 -0.98846948146820068359 -0.98846948146820068359 -0.98846948146820068359 -0.98846948146820068359 -0.98846948146820068359 -0.98846948146820068359 -0.98846948146820068359 -1 -1 -1 -1 -1
-0.86759418249130249023 -0.86759418249130249023 -0.86759418249130249023 -0.86759418249130249023 -0.86759418249130249023 -9999 -9999 -9999 -9999 -9999 -9999 -9999 -9999 -9999 -9999 -9999 -9999 -9999 -9999 -9999 -9999 -9999 -9999 -9999 -0.99000000953674316406 -0.99000000953674316406 -0.99000000953674316406 -0.99000000953674316406 -0.99000000953674316406 -0.99000000953674316406 -0.99000000953674316406 -0.99000000953674316406 -0.99000000953674316406 -1 -1 -1 -1 -1 -1 -1 -1 -1 -1.0199999809265136719 -1.0199999809265136719 -1.0199999809265136719 -1.0199999809265136719 -1.0199999809265136719
-0.86759418249130249023 -0.86759418249130249023 -0.86759418249130249023 -0.86759418249130249023 -0.86759418249130249023 -9999 -9999 -9999 -9999 -9999 -9999 -9999 -9999 -9999 -9999 -9999 -9999 -9999 -9999 -9999 -9999 -9999 -9999 -9999 -0.99000000953674316406 -0.99000000953674316406 -0.99000000953674316406 -0.99000000953674316406 -0.99000000953674316406 -0.99000000953674316406 -0.99000000953674316406 -0.99000000953674316406 -0.99000000953674316406 -1 -1 -1 -1 -1 -1 -1 -1 -1 -1.0199999809265136719 -1.0199999809265136719 -1.0199999809265136719 -1.0199999809265136719 -1.0199999809265136719
-0.86759418249130249023 -0.86759418249130249023 -0.86759418249130249023 -0.86759418249130249023 -0.86759418249130249023 -9999 -9999 -9999 -9999 -9999 -9999 -9999 -9999 -9999 -9999 -9999 -9999 -9999 -9999 -9999 -9999 -9999 -9999 -9999 -0.99000000953674316406 -0.99000000953674316406 -0.99000000953674316406 -0.99000000953674316406 -0.99000000953674316406 -0.99000000953674316406 -0.99000000953674316406 -0.99000000953674316406 -0.99000000953674316406 -1 -1 -1 -1 -1 -1 -1 -1 -1 -1.0199999809265136719 -1.0199999809265136719 -1.0199999809265136719 -1.0199999809265136719 -1.0199999809265136719
-0.86759418249130249023 -0.86759418249130249023 -0.86759418249130249023 -0.86759418249130249023 -0.86759418249130249023 -9999 -9999 -9999 -9999 -9999 -9999 -9999 -9999 -9999 -9999 -9999 -9999 -9999 -9999 -9999 -9999 -9999 -9999 -9999 -0.99000000953674316406 -0.99000000953674316406 -0.99000000953674316406 -0.99000000953674316406 -0.99000000953674316406 -0.99000000953674316406 -0.99000000953674316406 -0.99000000953674316406 -0.99000000953674316406 -1 -1 -1 -1 -1 -1 -1 -1 -1 -1.0199999809265136719 -1.0199999809265136719 -1.0199999809265136719 -1.0199999809265136719 -1.0199999809265136719
-0.86759418249130249023 -0.86759418249130249023 -0.86759418249130249023 -0.86759418249130249023 -0.86759418249130249023 -9999 -9999 -9999 -9999 -9999 -9999 -9999 -9999 -9999 -9999 -9999 -9999 -9999 -9999 -9999 -9999 -9999 -9999 -9999 -0.99000000953674316406 -0.99000000953674316406 -0.99000000953674316406 -0.99000000953674316406 -0.99000000953674316406 -0.99000000953674316406 -0.99000000953674316406 -0.99000000953674316406 -0.99000000953674316406 -1 -1 -1 -1 -1 -1 -1 -1 -1 -1.0199999809265136719 -1.0199999809265136719 -1.0199999809265136719 -1.0199999809265136719 -1.0199999809265136719
0 0 0 0 0 -9999 -9999 -9999 -9999 -9999 -9999 -9999 -9999 -9999 -9999 -9999 -9999 -9999 -9999 -9999 -9999 -9999 -9999 -9999 -9999 -9999 -9999 -9999 -9999 -9999 -9999 -9999 -9999 -1.0199999809265136719 -1.0199999809265136719 -1.0199999809265136719 -1.0199999809265136719 -1.0199999809265136719 -1.0199999809265136719 -1.0199999809265136719 -1.0199999809265136719 -1.0199999809265136719 -0.97000002861022949219 -0.97000002861022949219 -0.97000002861022949219 -0.97000002861022949219 -0.97000002861022949219
0 0 0 0 0 -9999 -9999 -9999 -9999 -9999 -9999 -9999 -9999 -9999 -9999 -9999 -9999 -9999 -9999 -9999 -9999 -9999 -9999 -9999 -9999 -9999 -9999 -9999 -9999 -9999 -9999 -9999 -9999 -1.0199999809265136719 -1.0199999809265136719 -1.0199999809265136719 -1.0199999809265136719 -1.0199999809265136719 -1.0199999809265136719 -1.0199999809265136719 -1.0199999809265136719 -1.0199999809265136719 -0.97000002861022949219 -0.97000002861022949219 -0.97000002861022949219 -0.97000002861022949219 -0.97000002861022949219
