data/demo/waterlevel_240min_40x40m.asc
ncols        561
nrows        278
xllcorner    4.817258165162
yllcorner    52.370746892638
cellsize     0.000511251697
NODATA_value  -9999
[rows 189 to 209 of 278, columns 235 to 281 of 561]
-2.5599999427795410156 -2.5599999427795410156 -2.5799999237060546875 -2.5799999237060546875 -2.5799999237060546875 -2.5799999237060546875 -2.5799999237060546875 -2.5199999809265136719 -2.5199999809265136719 -2.5199999809265136719 -2.5199999809265136719 -1.879999995231628418 -1.879999995231628418 -1.879999995231628418 -1.7200000286102294922 -1.7200000286102294922 -2.2699999809265136719 -2.2699999809265136719 -2.2699999809265136719 -2.2699999809265136719 -2.2899999618530273438 -2.2899999618530273438 -2.2899999618530273438 -2.2899999618530273438 -2.2899999618530273438 -2.1161272525787353516 -2.1161272525787353516 -2.1161272525787353516 -2.1161272525787353516 -2.1161272525787353516 -2.1161272525787353516 -2.1161272525787353516 -2.1161272525787353516 -2.1161272525787353516 -1.9172496795654296875 -1.9172496795654296875 -1.9172496795654296875 -1.9172496795654296875 -1.9172496795654296875 -1.8349193334579467773 -1.8349193334579467773 -1.8349193334579467773 -1.8349193334579467773 -1.7607463598251342773 -1.7607463598251342773 -1.7607463598251342773 -1.7448956966400146484
-2.5199999809265136719 -2.5199999809265136719 -2.5699999332427978516 -2.5699999332427978516 -2.5699999332427978516 -2.5699999332427978516 -2.5699999332427978516 -2.5199999809265136719 -2.5199999809265136719 -2.5199999809265136719 -2.5199999809265136719 -1.8600000143051147461 -1.8600000143051147461 -1.8600000143051147461 -1.5599999427795410156 -1.5599999427795410156 -2.2799999713897705078 -2.2799999713897705078 -2.2799999713897705078 -2.2799999713897705078 -2.2899999618530273438 -2.2899999618530273438 -2.2899999618530273438 -2.2899999618530273438 -2.2899999618530273438 -2.1161272525787353516 -2.1161272525787353516 -2.1161272525787353516 -2.1161272525787353516 -2.1161272525787353516 -2.1161272525787353516 -2.1161272525787353516 -2.1161272525787353516 -2.1161272525787353516 -1.8247106075286865234 -1.8247106075286865234 -1.8247106075286865234 -1.8247106075286865234 -1.8247106075286865234 -1.7853415012359619141 -1.7853415012359619141 -1.7853415012359619141 -1.7853415012359619141 -1.7430602312088012695 -1.7430602312088012695 -1.7430602312088012695 -1.7430602312088012695
-2.5199999809265136719 -2.5199999809265136719 -2.5699999332427978516 -2.5699999332427978516 -2.5699999332427978516 -2.5699999332427978516 -2.5699999332427978516 -2.5199999809265136719 -2.5199999809265136719 -2.5199999809265136719 -2.5199999809265136719 -1.8600000143051147461 -1.8600000143051147461 -1.8600000143051147461 -1.5599999427795410156 -1.5599999427795410156 -2.2799999713897705078 -2.2799999713897705078 -2.2799999713897705078 -2.2799999713897705078 -2.2899999618530273438 -2.2899999618530273438 -2.2899999618530273438 -2.2899999618530273438 -2.2899999618530273438 -2.1161272525787353516 -2.1161272525787353516 -2.1161272525787353516 -2.1161272525787353516 -2.1161272525787353516 -2.1161272525787353516 -2.1161272525787353516 -2.1161272525787353516 -2.1161272525787353516 -1.8247106075286865234 -1.8247106075286865234 -1.8247106075286865234 -1.8247106075286865234 -1.8247106075286865234 -1.7853415012359619141 -1.7853415012359619141 -1.7853415012359619141 -1.7853415012359619141 -1.7430602312088012695 -1.7430602312088012695 -1.7430602312088012695 -1.7430602312088012695
-2.5199999809265136719 -2.5199999809265136719 -2.5699999332427978516 -2.5699999332427978516 -2.5699999332427978516 -2.5699999332427978516 -2.5699999332427978516 -2.5199999809265136719 -2.5199999809265136719 -1.9900000095367431641 -1.9900000095367431641 -1.7200000286102294922 -1.7200000286102294922 -1.7200000286102294922 -1.5599999427795410156 -1.5599999427795410156 -2.2799999713897705078 -2.2799999713897705078 -2.2799999713897705078 -2.2799999713897705078 -2.2899999618530273438 -2.2899999618530273438 -2.2899999618530273438 -2.2899999618530273438 -2.2899999618530273438 -2.1161272525787353516 -2.1161272525787353516 -2.1161272525787353516 -2.1161272525787353516 -2.1161272525787353516 -2.1161272525787353516 -2.1161272525787353516 -2.1161272525787353516 -2.1161272525787353516 -1.8247106075286865234 -1.8247106075286865234 -1.8247106075286865234 -1.8247106075286865234 -1.8247106075286865234 -1.7853415012359619141 -1.7853415012359619141 -1.7853415012359619141 -1.7853415012359619141 -1.7430602312088012695 -1.7430602312088012695 -1.7430602312088012695 -1.7430602312088012695
-2.5199999809265136719 -2.5199999809265136719 -2.5199999809265136719 -2.5199999809265136719 -2.2300000190734863281 -2.2300000190734863281 -2.2300000190734863281 -1.5599999427795410156 -1.5599999427795410156 -1.5599999427795410156 -1.5599999427795410156 -2.0499999523162841797 -2.0499999523162841797 -2.0499999523162841797 -2.0499999523162841797 -2.0499999523162841797 -2.3099999427795410156 -2.3099999427795410156 -2.3099999427795410156 -2.3099999427795410156 -2.2892868518829345703 -2.2892868518829345703 -2.2892868518829345703 -2.2892868518829345703 -2.2892868518829345703 -2.0315570831298828125 -2.0315570831298828125 -2.0315570831298828125 -2.0315570831298828125 -2.0315570831298828125 -2.0315570831298828125 -2.0315570831298828125 -2.0315570831298828125 -2.0315570831298828125 -1.7868621349334716797 -1.7868621349334716797 -1.7868621349334716797 -1.7868621349334716797 -1.7868621349334716797 -1.7868621349334716797 -1.7868621349334716797 -1.7868621349334716797 -1.7868621349334716797 -1.7169237136840820312 -1.7169237136840820312 -1.7169237136840820312 -1.7169237136840820312
-2.5199999809265136719 -2.5199999809265136719 -4.8000001907348632812 -4.8000001907348632812 -4.8000001907348632812 -4.8000001907348632812 -4.8000001907348632812 -4.8000001907348632812 -4.8000001907348632812 -1.5599999427795410156 -1.5599999427795410156 -2.0499999523162841797 -2.0499999523162841797 -2.0499999523162841797 -2.0499999523162841797 -2.0499999523162841797 -2.3099999427795410156 -2.3099999427795410156 -2.3099999427795410156 -2.3099999427795410156 -2.2892868518829345703 -2.2892868518829345703 -2.2892868518829345703 -2.2892868518829345703 -2.2892868518829345703 -2.0315570831298828125 -2.0315570831298828125 -2.0315570831298828125 -2.0315570831298828125 -2.0315570831298828125 -2.0315570831298828125 -2.0315570831298828125 -2.0315570831298828125 -2.0315570831298828125 -1.7868621349334716797 -1.7868621349334716797 -1.7868621349334716797 -1.7868621349334716797 -1.7868621349334716797 -1.7868621349334716797 -1.7868621349334716797 -1.7868621349334716797 -1.7868621349334716797 -1.7169237136840820312 -1.7169237136840820312 -1.7169237136840820312 -1.7169237136840820312
-2.5199999809265136719 -2.5199999809265136719 -4.8000001907348632812 -4.8000001907348632812 -4.8000001907348632812 -4.8000001907348632812 -4.8000001907348632812 -4.8000001907348632812 -4.8000001907348632812 -1.5599999427795410156 -1.5599999427795410156 -2.0499999523162841797 -2.0499999523162841797 -2.0499999523162841797 -2.0499999523162841797 -2.0499999523162841797 -2.3099999427795410156 -2.3099999427795410156 -2.3099999427795410156 -2.3099999427795410156 -2.2892868518829345703 -2.2892868518829345703 -2.2892868518829345703 -2.2892868518829345703 -2.2892868518829345703 -2.0315570831298828125 -2.0315570831298828125 -2.0315570831298828125 -2.0315570831298828125 -2.0315570831298828125 -2.0315570831298828125 -2.0315570831298828125 -2.0315570831298828125 -2.0315570831298828125 -1.7868621349334716797 -1.7868621349334716797 -1.7868621349334716797 -1.7868621349334716797 -1.7868621349334716797 -1.7868621349334716797 -1.7868621349334716797 -1.7868621349334716797 -1.7868621349334716797 -1.7169237136840820312 -1.7169237136840820312 -1.7169237136840820312 -1.7169237136840820312
-4.8000001907348632812 -4.8000001907348632812 -4.8000001907348632812 -4.8000001907348632812 -1.3999999761581420898 -1.3999999761581420898 -1.3999999761581420898 -4.8000001907348632812 -4.8000001907348632812 -4.8000001907348632812 -4.8000001907348632812 -1.0800000429153442383 -1.0800000429153442383 -1.0800000429153442383 -1.7999999523162841797 -1.7999999523162841797 -2.2889580726623535156 -2.2889580726623535156 -2.2889580726623535156 -2.2889580726623535156 -2.2397453784942626953 -2.2397453784942626953 -2.2397453784942626953 -2.2397453784942626953 -2.2397453784942626953 -2.0315570831298828125 -2.0315570831298828125 -2.0315570831298828125 -2.0315570831298828125 -2.0315570831298828125 -2.0315570831298828125 -2.0315570831298828125 -2.0315570831298828125 -2.0315570831298828125 -1.7868621349334716797 -1.7868621349334716797 -1.7868621349334716797 -1.7868621349334716797 -1.7868621349334716797 -1.7868621349334716797 -1.7868621349334716797 -1.7868621349334716797 -1.7868621349334716797 -1.7169237136840820312 -1.7169237136840820312 -1.7169237136840820312 -1.7169237136840820312
-2.2999999523162841797 -2.2999999523162841797 -1.0499999523162841797 -1.0499999523162841797 -2.2000000476837158203 -2.2000000476837158203 -2.2000000476837158203 -4.8000001907348632812 -4.8000001907348632812 -4.8000001907348632812 -4.8000001907348632812 -4.8000001907348632812 -4.8000001907348632812 -4.8000001907348632812 -2.2899999618530273438 -2.2899999618530273438 -2.2889580726623535156 -2.2889580726623535156 -2.2889580726623535156 -2.2889580726623535156 -2.2397453784942626953 -2.2397453784942626953 -2.2397453784942626953 -2.2397453784942626953 -2.2397453784942626953 -2.0315570831298828125 -2.0315570831298828125 -2.0315570831298828125 -2.0315570831298828125 -2.0315570831298828125 -2.0315570831298828125 -2.0315570831298828125 -2.0315570831298828125 -2.0315570831298828125 -1.7868621349334716797 -1.7868621349334716797 -1.7868621349334716797 -1.7868621349334716797 -1.7868621349334716797 -1.7868621349334716797 -1.7868621349334716797 -1.7868621349334716797 -1.7868621349334716797 -1.7169237136840820312 -1.7169237136840820312 -1.7169237136840820312 -1.7169237136840820312
-2.2999999523162841797 -2.2999999523162841797 -1.0499999523162841797 -1.0499999523162841797 -2.2000000476837158203 -2.2000000476837158203 -2.2000000476837158203 -4.8000001907348632812 -4.8000001907348632812 -4.8000001907348632812 -4.8000001907348632812 -4.8000001907348632812 -4.8000001907348632812 -4.8000001907348632812 -2.2899999618530273438 -2.2899999618530273438 -2.2889580726623535156 -2.2889580726623535156 -2.2889580726623535156 -2.2889580726623535156 -2.2889580726623535156 -2.2397453784942626953 -2.2397453784942626953 -2.2397453784942626953 -2.2397453784942626953 -2.0315570831298828125 -2.0315570831298828125 -2.0315570831298828125 -2.2313342094421386719 -2.2313342094421386719 -2.1541197299957275391 -2.1541197299957275391 -2.1541197299957275391 -2.1541197299957275391 -1.7226397991180419922 -1.7226397991180419922 -1.7226397991180419922 -1.7226397991180419922 -1.7226397991180419922 -1.7226397991180419922 -1.7226397991180419922 -1.7226397991180419922 -1.7226397991180419922 -1.7226397991180419922 -1.6346888542175292969 -1.6346888542175292969 -1.6346888542175292969
-3.9700000286102294922 -3.9700000286102294922 -2.5599999427795410156 -2.5599999427795410156 -4.8000001907348632812 -4.8000001907348632812 -4.8000001907348632812 -4.8000001907348632812 -4.8000001907348632812 -4.8000001907348632812 -4.8000001907348632812 -4.8000001907348632812 -4.8000001907348632812 -4.8000001907348632812 -3.25 -3.25 -2.2899999618530273438 -2.2899999618530273438 -2.2899999618530273438 -2.2899999618530273438 -2.2899999618530273438 -2.2899999618530273438 -2.2899999618530273438 -2.2899999618530273438 -2.2899999618530273438 -2.2313342094421386719 -2.2313342094421386719 -2.2313342094421386719 -2.2313342094421386719 -2.2313342094421386719 -2.1541197299957275391 -2.1541197299957275391 -2.1541197299957275391 -2.1541197299957275391 -1.7226397991180419922 -1.7226397991180419922 -1.7226397991180419922 -1.7226397991180419922 -1.7226397991180419922 -1.7226397991180419922 -1.7226397991180419922 -1.7226397991180419922 -1.7226397991180419922 -1.7226397991180419922 -1.6346888542175292969 -1.6346888542175292969 -1.6346888542175292969
-4.8000001907348632812 -4.8000001907348632812 -4.8000001907348632812 -4.8000001907348632812 -4.8000001907348632812 -4.8000001907348632812 -4.8000001907348632812 -4.8000001907348632812 -4.8000001907348632812 -4.8000001907348632812 -4.8000001907348632812 -4.8000001907348632812 -4.8000001907348632812 -4.8000001907348632812 -4.8000001907348632812 -4.8000001907348632812 -4.8000001907348632812 -4.8000001907348632812 -2.2899999618530273438 -2.2899999618530273438 -2.2899999618530273438 -2.2899999618530273438 -2.2899999618530273438 -2.2899999618530273438 -2.2899999618530273438 -2.2313342094421386719 -2.2313342094421386719 -2.2313342094421386719 -2.2313342094421386719 -2.2313342094421386719 -2.1541197299957275391 -2.1541197299957275391 -2.1541197299957275391 -2.1541197299957275391 -1.7226397991180419922 -1.7226397991180419922 -1.7226397991180419922 -1.7226397991180419922 -1.7226397991180419922 -1.7226397991180419922 -1.7226397991180419922 -1.7226397991180419922 -1.7226397991180419922 -1.7226397991180419922 -1.6346888542175292969 -1.6346888542175292969 -1.6346888542175292969
-4.8000001907348632812 -4.8000001907348632812 -4.8000001907348632812 -4.8000001907348632812 -3.7799999713897705078 -3.7799999713897705078 -3.7799999713897705078 -4.8000001907348632812 -4.8000001907348632812 -4.8000001907348632812 -4.8000001907348632812 -4.8699998855590820312 -4.8699998855590820312 -4.8699998855590820312 -4.8699998855590820312 -4.8699998855590820312 -4.8000001907348632812 -4.8000001907348632812 -4.8000001907348632812 -4.8000001907348632812 -4.8000001907348632812 -2.2899999618530273438 -2.2899999618530273438 -2.2899999618530273438 -2.2899999618530273438 -2.2893965244293212891 -2.2893965244293212891 -2.2893965244293212891 -2.2893965244293212891 -2.2893965244293212891 -1.8879295587539672852 -1.8879295587539672852 -1.8879295587539672852 -1.8879295587539672852 -1.7226397991180419922 -1.7226397991180419922 -1.7226397991180419922 -1.7226397991180419922 -1.7226397991180419922 -1.7226397991180419922 -1.7226397991180419922 -1.7226397991180419922 -1.7226397991180419922 -1.7226397991180419922 -1.6346888542175292969 -1.6346888542175292969 -1.6346888542175292969
-4.8000001907348632812 -4.8000001907348632812 -4.8000001907348632812 -4.8000001907348632812 -3.7799999713897705078 -3.7799999713897705078 -3.7799999713897705078 -4.8000001907348632812 -4.8000001907348632812 -4.8000001907348632812 -4.8000001907348632812 -4.8699998855590820312 -4.8699998855590820312 -4.8699998855590820312 -4.8699998855590820312 -4.8699998855590820312 -4.8000001907348632812 -4.8000001907348632812 -4.8000001907348632812 -4.8000001907348632812 -4.8000001907348632812 -2.2899999618530273438 -2.2899999618530273438 -2.2899999618530273438 -2.2899999618530273438 -2.2893965244293212891 -2.2893965244293212891 -2.2893965244293212891 -2.2893965244293212891 -2.2893965244293212891 -1.8879295587539672852 -1.8879295587539672852 -1.8879295587539672852 -1.8879295587539672852 -1.7226397991180419922 -1.7226397991180419922 -1.7226397991180419922 -1.7226397991180419922 -1.7226397991180419922 -1.7226397991180419922 -1.7226397991180419922 -1.7226397991180419922 -1.7226397991180419922 -1.7226397991180419922 -1.6346888542175292969 -1.6346888542175292969 -1.6346888542175292969
-4.8000001907348632812 -4.8000001907348632812 -4.8000001907348632812 -4.8000001907348632812 -3.8199999332427978516 -3.8199999332427978516 -3.8199999332427978516 -4.8000001907348632812 -4.8000001907348632812 -4.8000001907348632812 -4.8000001907348632812 -4.8699998855590820312 -4.8699998855590820312 -4.8699998855590820312 -4.8699998855590820312 -4.8699998855590820312 -4.8000001907348632812 -4.8000001907348632812 -4.8000001907348632812 -4.8000001907348632812 -4.8000001907348632812 -4.8000001907348632812 -4.8000001907348632812 -2.2899999618530273438 -2.2899999618530273438 -2.2893965244293212891 -2.2893965244293212891 -2.2893965244293212891 -2.2893965244293212891 -2.2893965244293212891 -1.8879295587539672852 -1.8879295587539672852 -1.8879295587539672852 -1.8879295587539672852 -1.7226397991180419922 -1.7226397991180419922 -1.7226397991180419922 -1.7226397991180419922 -1.7226397991180419922 -1.7226397991180419922 -1.7226397991180419922 -1.7226397991180419922 -1.7226397991180419922 -1.7226397991180419922 -1.6346888542175292969 -1.6346888542175292969 -1.6346888542175292969
-4.8000001907348632812 -4.8000001907348632812 -4.8000001907348632812 -4.8000001907348632812 -4.8000001907348632812 -4.8000001907348632812 -4.8000001907348632812 -4.8000001907348632812 -4.8000001907348632812 -4.8000001907348632812 -4.8000001907348632812 -4.8000001907348632812 -4.8000001907348632812 -4.8000001907348632812 -4.8118600845336914062 -4.8118600845336914062 -4.8000001907348632812 -4.8000001907348632812 -4.8000001907348632812 -4.8000001907348632812 -4.8000001907348632812 -4.8000001907348632812 -4.8000001907348632812 -4.8000001907348632812 -4.8000001907348632812 -2.2899999618530273438 -2.2899999618530273438 -1.931034088134765625 -1.931034088134765625 -1.931034088134765625 -1.8614791631698608398 -1.8614791631698608398 -1.7798656225204467773 -1.7798656225204467773 -1.7162498235702514648 -1.7162498235702514648 -1.7162498235702514648 -1.7162498235702514648 -1.7162498235702514648 -1.6381764411926269531 -1.6381764411926269531 -1.6381764411926269531 -1.6381764411926269531 -1.6381764411926269531 -1.4548501968383789062 -1.4548501968383789062 -1.4548501968383789062
-4.8000001907348632812 -4.8000001907348632812 -4.8000001907348632812 -4.8000001907348632812 -4.8000001907348632812 -4.8000001907348632812 -4.8000001907348632812 -4.8000001907348632812 -4.8000001907348632812 -4.8000001907348632812 -4.8000001907348632812 -4.8000001907348632812 -4.8000001907348632812 -4.8000001907348632812 -4.8118600845336914062 -4.8118600845336914062 -4.8000001907348632812 -4.8000001907348632812 -4.8000001907348632812 -4.8000001907348632812 -4.8000001907348632812 -4.8000001907348632812 -4.8000001907348632812 -4.8000001907348632812 -4.8000001907348632812 -2.2899999618530273438 -2.2899999618530273438 -1.931034088134765625 -1.931034088134765625 -1.931034088134765625 -1.8614791631698608398 -1.8614791631698608398 -1.7798656225204467773 -1.7798656225204467773 -1.7162498235702514648 -1.7162498235702514648 -1.7162498235702514648 -1.7162498235702514648 -1.7162498235702514648 -1.6381764411926269531 -1.6381764411926269531 -1.6381764411926269531 -1.6381764411926269531 -1.6381764411926269531 -1.4548501968383789062 -1.4548501968383789062 -1.4548501968383789062
-3.3699998855590820312 -3.3699998855590820312 -4.8000001907348632812 -4.8000001907348632812 -4.8000001907348632812 -4.8000001907348632812 -4.8000001907348632812 -4.8000001907348632812 -4.8000001907348632812 -4.8000001907348632812 -4.8000001907348632812 -4.8000001907348632812 -4.8000001907348632812 -4.8000001907348632812 -4.8204298019409179688 -4.8204298019409179688 -4.8000001907348632812 -4.8000001907348632812 -4.8000001907348632812 -4.8000001907348632812 -4.8000001907348632812 -4.8000001907348632812 -4.8000001907348632812 -4.8000001907348632812 -4.8000001907348632812 -4.8000001907348632812 -4.8000001907348632812 -4.8000001907348632812 -4.8000001907348632812 -4.8000001907348632812 -2.6048297882080078125 -2.6048297882080078125 -1.7500716447830200195 -1.7500716447830200195 -1.7162498235702514648 -1.7162498235702514648 -1.7162498235702514648 -1.7162498235702514648 -1.7162498235702514648 -1.6381764411926269531 -1.6381764411926269531 -1.6381764411926269531 -1.6381764411926269531 -1.6381764411926269531 -1.4548501968383789062 -1.4548501968383789062 -1.4548501968383789062
-2.9800000190734863281 -2.9800000190734863281 -3.75 -3.75 -3.75 -4.8000001907348632812 -4.8000001907348632812 -4.8000001907348632812 -4.8000001907348632812 -4.8000001907348632812 -4.8000001907348632812 -4.8000001907348632812 -4.8000001907348632812 -4.8000001907348632812 -4.8000001907348632812 -4.8000001907348632812 -4.1399998664855957031 -4.1399998664855957031 -4.8000001907348632812 -4.8000001907348632812 -4.8000001907348632812 -4.8099999427795410156 -4.8099999427795410156 -4.8099999427795410156 -4.8099999427795410156 -4.8200001716613769531 -4.8200001716613769531 -4.8200001716613769531 -4.8200001716613769531 -4.8200001716613769531 -4.8000001907348632812 -4.8000001907348632812 -4.8000001907348632812 -4.8000001907348632812 -3.6283366680145263672 -3.6283366680145263672 -3.6283366680145263672 -3.6294262409210205078 -3.6294262409210205078 -1.6337484121322631836 -1.6337484121322631836 -1.4565535783767700195 -1.4565535783767700195 -1.4565535783767700195 -1.438710331916809082 -1.438710331916809082 -1.438710331916809082
-4.8000001907348632812 -4.8000001907348632812 -4.8000001907348632812 -4.8000001907348632812 -4.8000001907348632812 -4.8000001907348632812 -4.8000001907348632812 -4.8000001907348632812 -4.8000001907348632812 -4.8000001907348632812 -4.8000001907348632812 -4.8000001907348632812 -4.8000001907348632812 -4.8000001907348632812 -4.8000001907348632812 -4.8000001907348632812 -4.8000001907348632812 -4.8000001907348632812 -4.25 -4.25 -4.25 -4.8099999427795410156 -4.8099999427795410156 -4.8099999427795410156 -4.8099999427795410156 -4.8200001716613769531 -4.8200001716613769531 -4.8200001716613769531 -4.8200001716613769531 -4.8200001716613769531 -4.8000001907348632812 -4.8000001907348632812 -4.8000001907348632812 -4.8000001907348632812 -4.8200001716613769531 -4.8200001716613769531 -4.8200001716613769531 -4.8000001907348632812 -4.8000001907348632812 -3.462291717529296875 -3.462291717529296875 -1.4438865184783935547 -1.4438865184783935547 -1.4438865184783935547 -1.438710331916809082 -1.438710331916809082 -1.438710331916809082
-4.8000001907348632812 -4.8000001907348632812 -4.8000001907348632812 -4.8000001907348632812 -4.8000001907348632812 -4.8000001907348632812 -4.8000001907348632812 -4.8000001907348632812 -4.8000001907348632812 -4.8000001907348632812 -4.8000001907348632812 -4.8000001907348632812 -4.8000001907348632812 -4.8000001907348632812 -4.8000001907348632812 -4.8000001907348632812 -4.8000001907348632812 -4.8000001907348632812 -4.25 -4.25 -4.25 -4.8099999427795410156 -4.8099999427795410156 -4.8099999427795410156 -4.8099999427795410156 -4.8200001716613769531 -4.8200001716613769531 -4.8200001716613769531 -4.8200001716613769531 -4.8200001716613769531 -4.8000001907348632812 -4.8000001907348632812 -4.8000001907348632812 -4.8000001907348632812 -4.8200001716613769531 -4.8200001716613769531 -4.8200001716613769531 -4.8000001907348632812 -4.8000001907348632812 -3.462291717529296875 -3.462291717529296875 -1.4438865184783935547 -1.4438865184783935547 -1.4438865184783935547 -1.438710331916809082 -1.438710331916809082 -1.438710331916809082
