data/demo/waterlevel_240min_40x40m.asc
ncols        561
nrows        278
xllcorner    4.817258165162
yllcorner    52.370746892638
cellsize     0.000511251697
NODATA_value  -9999
[rows 231 to 251 of 278, columns 329 to 375 of 561]
-1.1175764799118041992 -1.1175764799118041992 -1.1175764799118041992 -1.1175764799118041992 -1.1175764799118041992 -1.10471343994140625 -1.10471343994140625 -1.10471343994140625 -1.10471343994140625 -1.10471343994140625 -1.10471343994140625 -1.10471343994140625 -1.10471343994140625 -1.10471343994140625 -1.1223349571228027344 -1.1223349571228027344 -1.1223349571228027344 -1.1223349571228027344 -1.1223349571228027344 -1.1223349571228027344 -1.1223349571228027344 -1.1223349571228027344 -1.1223349571228027344 -1.0903964042663574219 -1.0903964042663574219 -1.0903964042663574219 -1.0903964042663574219 -1.0903964042663574219 -1.0903964042663574219 -1.0903964042663574219 -1.0903964042663574219 -1.0903964042663574219 -1.0903964042663574219 -1.0930635929107666016 -1.0930635929107666016 -1.0930635929107666016 -1.0930635929107666016 -1.0930635929107666016 -1.0930635929107666016 -1.0930635929107666016 -1.0930635929107666016 -1.0930635929107666016 -1.1021809577941894531 -1.1021809577941894531 -1.1021809577941894531 -1.1021809577941894531 -1.1021809577941894531
-1.0046926736831665039 -1.0046926736831665039 -1.0046926736831665039 -1.0046926736831665039 -1.0046926736831665039 -1.0118050575256347656 -1.0118050575256347656 -1.0118050575256347656 -1.0118050575256347656 -1.0118050575256347656 -1.0118050575256347656 -1.0118050575256347656 -1.0118050575256347656 -1.0118050575256347656 -1.0047188997268676758 -1.0047188997268676758 -1.0047188997268676758 -1.0047188997268676758 -1.0047188997268676758 -1.0047188997268676758 -1.0047188997268676758 -1.0047188997268676758 -1.0047188997268676758 -1.0192213058471679688 -1.0192213058471679688 -1.0192213058471679688 -1.0192213058471679688 -1.0192213058471679688 -1.0192213058471679688 -1.0192213058471679688 -1.0192213058471679688 -1.0192213058471679688 -1.0192213058471679688 -1.0436888933181762695 -1.0436888933181762695 -1.0436888933181762695 -1.0436888933181762695 -1.0436888933181762695 -1.0436888933181762695 -1.0436888933181762695 -1.0436888933181762695 -1.0436888933181762695 -1.0638213157653808594 -1.0638213157653808594 -1.0638213157653808594 -1.0638213157653808594 -1.0638213157653808594
-1.0046926736831665039 -1.0046926736831665039 -1.0046926736831665039 -1.0046926736831665039 -1.0046926736831665039 -1.0118050575256347656 -1.0118050575256347656 -1.0118050575256347656 -1.0118050575256347656 -1.0118050575256347656 -1.0118050575256347656 -1.0118050575256347656 -1.0118050575256347656 -1.0118050575256347656 -1.0047188997268676758 -1.0047188997268676758 -1.0047188997268676758 -1.0047188997268676758 -1.0047188997268676758 -1.0047188997268676758 -1.0047188997268676758 -1.0047188997268676758 -1.0047188997268676758 -1.0192213058471679688 -1.0192213058471679688 -1.0192213058471679688 -1.0192213058471679688 -1.0192213058471679688 -1.0192213058471679688 -1.0192213058471679688 -1.0192213058471679688 -1.0192213058471679688 -1.0192213058471679688 -1.0436888933181762695 -1.0436888933181762695 -1.0436888933181762695 -1.0436888933181762695 -1.0436888933181762695 -1.0436888933181762695 -1.0436888933181762695 -1.0436888933181762695 -1.0436888933181762695 -1.0638213157653808594 -1.0638213157653808594 -1.0638213157653808594 -1.0638213157653808594 -1.0638213157653808594
-1.0046926736831665039 -1.0046926736831665039 -1.0046926736831665039 -1.0046926736831665039 -1.0046926736831665039 -1.0118050575256347656 -1.0118050575256347656 -1.0118050575256347656 -1.0118050575256347656 -1.0118050575256347656 -1.0118050575256347656 -1.0118050575256347656 -1.0118050575256347656 -1.0118050575256347656 -1.0047188997268676758 -1.0047188997268676758 -1.0047188997268676758 -1.0047188997268676758 -1.0047188997268676758 -1.0047188997268676758 -1.0047188997268676758 -1.0047188997268676758 -1.0047188997268676758 -1.0192213058471679688 -1.0192213058471679688 -1.0192213058471679688 -1.0192213058471679688 -1.0192213058471679688 -1.0192213058471679688 -1.0192213058471679688 -1.0192213058471679688 -1.0192213058471679688 -1.0192213058471679688 -1.0436888933181762695 -1.0436888933181762695 -1.0436888933181762695 -1.0436888933181762695 -1.0436888933181762695 -1.0436888933181762695 -1.0436888933181762695 -1.0436888933181762695 -1.0436888933181762695 -1.0638213157653808594 -1.0638213157653808594 -1.0638213157653808594 -1.0638213157653808594 -1.0638213157653808594
-1.0046926736831665039 -1.0046926736831665039 -1.0046926736831665039 -1.0046926736831665039 -1.0046926736831665039 -1.0118050575256347656 -1.0118050575256347656 -1.0118050575256347656 -1.0118050575256347656 -1.0118050575256347656 -1.0118050575256347656 -1.0118050575256347656 -1.0118050575256347656 -1.0118050575256347656 -1.0047188997268676758 -1.0047188997268676758 -1.0047188997268676758 -1.0047188997268676758 -1.0047188997268676758 -1.0047188997268676758 -1.0047188997268676758 -1.0047188997268676758 -1.0047188997268676758 -1.0192213058471679688 -1.0192213058471679688 -1.0192213058471679688 -1.0192213058471679688 -1.0192213058471679688 -1.0192213058471679688 -1.0192213058471679688 -1.0192213058471679688 -1.0192213058471679688 -1.0192213058471679688 -1.0436888933181762695 -1.0436888933181762695 -1.0436888933181762695 -1.0436888933181762695 -1.0436888933181762695 -1.0436888933181762695 -1.0436888933181762695 -1.0436888933181762695 -1.0436888933181762695 -1.0638213157653808594 -1.0638213157653808594 -1.0638213157653808594 -1.0638213157653808594 -1.0638213157653808594
-1.0046926736831665039 -1.0046926736831665039 -1.0046926736831665039 -1.0046926736831665039 -1.0046926736831665039 -1.0118050575256347656 -1.0118050575256347656 -1.0118050575256347656 -1.0118050575256347656 -1.0118050575256347656 -1.0118050575256347656 -1.0118050575256347656 -1.0118050575256347656 -1.0118050575256347656 -1.0047188997268676758 -1.0047188997268676758 -1.0047188997268676758 -1.0047188997268676758 -1.0047188997268676758 -1.0047188997268676758 -1.0047188997268676758 -1.0047188997268676758 -1.0047188997268676758 -1.0192213058471679688 -1.0192213058471679688 -1.0192213058471679688 -1.0192213058471679688 -1.0192213058471679688 -1.0192213058471679688 -1.0192213058471679688 -1.0192213058471679688 -1.0192213058471679688 -1.0192213058471679688 -1.0436888933181762695 -1.0436888933181762695 -1.0436888933181762695 -1.0436888933181762695 -1.0436888933181762695 -1.0436888933181762695 -1.0436888933181762695 -1.0436888933181762695 -1.0436888933181762695 -1.0638213157653808594 -1.0638213157653808594 -1.0638213157653808594 -1.0638213157653808594 -1.0638213157653808594
-1.0046926736831665039 -1.0046926736831665039 -1.0046926736831665039 -1.0046926736831665039 -1.0046926736831665039 -1.0118050575256347656 -1.0118050575256347656 -1.0118050575256347656 -1.0118050575256347656 -1.0118050575256347656 -1.0118050575256347656 -1.0118050575256347656 -1.0118050575256347656 -1.0118050575256347656 -1.0047188997268676758 -1.0047188997268676758 -1.0047188997268676758 -1.0047188997268676758 -1.0047188997268676758 -1.0047188997268676758 -1.0047188997268676758 -1.0047188997268676758 -1.0047188997268676758 -1.0192213058471679688 -1.0192213058471679688 -1.0192213058471679688 -1.0192213058471679688 -1.0192213058471679688 -1.0192213058471679688 -1.0192213058471679688 -1.0192213058471679688 -1.0192213058471679688 -1.0192213058471679688 -1.0436888933181762695 -1.0436888933181762695 -1.0436888933181762695 -1.0436888933181762695 -1.0436888933181762695 -1.0436888933181762695 -1.0436888933181762695 -1.0436888933181762695 -1.0436888933181762695 -1.0638213157653808594 -1.0638213157653808594 -1.0638213157653808594 -1.0638213157653808594 -1.0638213157653808594
-0.94668012857437133789 -0.94668012857437133789 -0.94668012857437133789 -0.94668012857437133789 -0.94668012857437133789 -0.93793463706970214844 -0.93793463706970214844 -0.93793463706970214844 -0.93793463706970214844 -0.93793463706970214844 -0.93793463706970214844 -0.93793463706970214844 -0.93793463706970214844 -0.93793463706970214844 -0.92651903629302978516 -0.92651903629302978516 -0.92651903629302978516 -0.92651903629302978516 -0.92651903629302978516 -0.92651903629302978516 -0.92651903629302978516 -0.92651903629302978516 -0.92651903629302978516 -0.94122403860092163086 -0.94122403860092163086 -0.94122403860092163086 -0.94122403860092163086 -0.94122403860092163086 -0.94122403860092163086 -0.94122403860092163086 -0.94122403860092163086 -0.94122403860092163086 -0.94122403860092163086 -0.98746734857559204102 -0.98746734857559204102 -0.98746734857559204102 -0.98746734857559204102 -0.98746734857559204102 -0.98746734857559204102 -0.98746734857559204102 -0.98746734857559204102 -0.98746734857559204102 -1.0398477315902709961 -1.0398477315902709961 -1.0398477315902709961 -1.0398477315902709961 -1.0398477315902709961
-0.94668012857437133789 -0.94668012857437133789 -0.94668012857437133789 -0.94668012857437133789 -0.94668012857437133789 -0.93793463706970214844 -0.93793463706970214844 -0.93793463706970214844 -0.93793463706970214844 -0.93793463706970214844 -0.93793463706970214844 -0.93793463706970214844 -0.93793463706970214844 -0.93793463706970214844 -0.92651903629302978516 -0.92651903629302978516 -0.92651903629302978516 -0.92651903629302978516 -0.92651903629302978516 -0.92651903629302978516 -0.92651903629302978516 -0.92651903629302978516 -0.92651903629302978516 -0.94122403860092163086 -0.94122403860092163086 -0.94122403860092163086 -0.94122403860092163086 -0.94122403860092163086 -0.94122403860092163086 -0.94122403860092163086 -0.94122403860092163086 -0.94122403860092163086 -0.94122403860092163086 -0.98746734857559204102 -0.98746734857559204102 -0.98746734857559204102 -0.98746734857559204102 -0.98746734857559204102 -0.98746734857559204102 -0.98746734857559204102 -0.98746734857559204102 -0.98746734857559204102 -1.0398477315902709961 -1.0398477315902709961 -1.0398477315902709961 -1.0398477315902709961 -1.0398477315902709961
-0.94668012857437133789 -0.94668012857437133789 -0.94668012857437133789 -0.94668012857437133789 -0.94668012857437133789 -0.93793463706970214844 -0.93793463706970214844 -0.93793463706970214844 -0.93793463706970214844 -0.93793463706970214844 -0.93793463706970214844 -0.93793463706970214844 -0.93793463706970214844 -0.93793463706970214844 -0.92651903629302978516 -0.92651903629302978516 -0.92651903629302978516 -0.92651903629302978516 -0.92651903629302978516 -0.92651903629302978516 -0.92651903629302978516 -0.92651903629302978516 -0.92651903629302978516 -0.94122403860092163086 -0.94122403860092163086 -0.94122403860092163086 -0.94122403860092163086 -0.94122403860092163086 -0.94122403860092163086 -0.94122403860092163086 -0.94122403860092163086 -0.94122403860092163086 -0.94122403860092163086 -0.98746734857559204102 -0.98746734857559204102 -0.98746734857559204102 -0.98746734857559204102 -0.98746734857559204102 -0.98746734857559204102 -0.98746734857559204102 -0.98746734857559204102 -0.98746734857559204102 -1.0398477315902709961 -1.0398477315902709961 -1.0398477315902709961 -1.0398477315902709961 -1.0398477315902709961
-0.94668012857437133789 -0.94668012857437133789 -0.94668012857437133789 -0.94668012857437133789 -0.94668012857437133789 -0.93793463706970214844 -0.93793463706970214844 -0.93793463706970214844 -0.93793463706970214844 -0.93793463706970214844 -0.93793463706970214844 -0.93793463706970214844 -0.93793463706970214844 -0.93793463706970214844 -0.92651903629302978516 -0.92651903629302978516 -0.92651903629302978516 -0.92651903629302978516 -0.92651903629302978516 -0.92651903629302978516 -0.92651903629302978516 -0.92651903629302978516 -0.92651903629302978516 -0.94122403860092163086 -0.94122403860092163086 -0.94122403860092163086 -0.94122403860092163086 -0.94122403860092163086 -0.94122403860092163086 -0.94122403860092163086 -0.94122403860092163086 -0.94122403860092163086 -0.94122403860092163086 -0.98746734857559204102 -0.98746734857559204102 -0.98746734857559204102 -0.98746734857559204102 -0.98746734857559204102 -0.98746734857559204102 -0.98746734857559204102 -0.98746734857559204102 -0.98746734857559204102 -1.0398477315902709961 -1.0398477315902709961 -1.0398477315902709961 -1.0398477315902709961 -1.0398477315902709961
-0.94668012857437133789 -0.94668012857437133789 -0.94668012857437133789 -0.94668012857437133789 -0.94668012857437133789 -0.93793463706970214844 -0.93793463706970214844 -0.93793463706970214844 -0.93793463706970214844 -0.93793463706970214844 -0.93793463706970214844 -0.93793463706970214844 -0.93793463706970214844 -0.93793463706970214844 -0.92651903629302978516 -0.92651903629302978516 -0.92651903629302978516 -0.92651903629302978516 -0.92651903629302978516 -0.92651903629302978516 -0.92651903629302978516 -0.92651903629302978516 -0.92651903629302978516 -0.94122403860092163086 -0.94122403860092163086 -0.94122403860092163086 -0.94122403860092163086 -0.94122403860092163086 -0.94122403860092163086 -0.94122403860092163086 -0.94122403860092163086 -0.94122403860092163086 -0.94122403860092163086 -0.98746734857559204102 -0.98746734857559204102 -0.98746734857559204102 -0.98746734857559204102 -0.98746734857559204102 -0.98746734857559204102 -0.98746734857559204102 -0.98746734857559204102 -0.98746734857559204102 -1.0398477315902709961 -1.0398477315902709961 -1.0398477315902709961 -1.0398477315902709961 -1.0398477315902709961
-0.89963096380233764648 -0.89209514856338500977 -0.89209514856338500977 -0.89209514856338500977 -0.89209514856338500977 -0.88216257095336914062 -0.88216257095336914062 -0.88216257095336914062 -0.88216257095336914062 -0.88216257095336914062 -0.88487261533737182617 -0.88487261533737182617 -0.88487261533737182617 -0.88487261533737182617 -0.88542759418487548828 -0.88542759418487548828 -0.88542759418487548828 -0.88542759418487548828 -0.88542759418487548828 -0.88883244991302490234 -0.88883244991302490234 -0.88883244991302490234 -0.88883244991302490234 -0.89547049999237060547 -0.89547049999237060547 -0.89547049999237060547 -0.89547049999237060547 -0.89547049999237060547 -0.90993994474411010742 -0.90993994474411010742 -0.90993994474411010742 -0.90993994474411010742 -0.90993994474411010742 -0.94654595851898193359 -0.94654595851898193359 -0.94654595851898193359 -0.94654595851898193359 -0.96172934770584106445 -0.96172934770584106445 -0.96172934770584106445 -0.96172934770584106445 -0.96172934770584106445 -1.016284942626953125 -1.016284942626953125 -1.016284942626953125 -1.016284942626953125 -1.016284942626953125
-0.89963096380233764648 -0.89209514856338500977 -0.89209514856338500977 -0.89209514856338500977 -0.89209514856338500977 -0.88216257095336914062 -0.88216257095336914062 -0.88216257095336914062 -0.88216257095336914062 -0.88216257095336914062 -0.88487261533737182617 -0.88487261533737182617 -0.88487261533737182617 -0.88487261533737182617 -0.88542759418487548828 -0.88542759418487548828 -0.88542759418487548828 -0.88542759418487548828 -0.88542759418487548828 -0.88883244991302490234 -0.88883244991302490234 -0.88883244991302490234 -0.88883244991302490234 -0.88883244991302490234 -0.89547049999237060547 -0.89547049999237060547 -0.89547049999237060547 -0.89547049999237060547 -0.90993994474411010742 -0.90993994474411010742 -0.90993994474411010742 -0.90993994474411010742 -0.90993994474411010742 -0.94654595851898193359 -0.94654595851898193359 -0.94654595851898193359 -0.94654595851898193359 -0.96172934770584106445 -0.96172934770584106445 -0.96172934770584106445 -0.96172934770584106445 -0.96172934770584106445 -1.016284942626953125 -1.016284942626953125 -1.016284942626953125 -1.016284942626953125 -1.016284942626953125
-0.89963096380233764648 -0.89209514856338500977 -0.89209514856338500977 -0.89209514856338500977 -0.89209514856338500977 -0.88216257095336914062 -0.88216257095336914062 -0.88216257095336914062 -0.88216257095336914062 -0.88216257095336914062 -0.88487261533737182617 -0.88487261533737182617 -0.88487261533737182617 -0.88487261533737182617 -0.88542759418487548828 -0.88542759418487548828 -0.88542759418487548828 -0.88542759418487548828 -0.88542759418487548828 -0.88883244991302490234 -0.88883244991302490234 -0.88883244991302490234 -0.88883244991302490234 -0.88883244991302490234 -0.89547049999237060547 -0.89547049999237060547 -0.89547049999237060547 -0.89547049999237060547 -0.90993994474411010742 -0.90993994474411010742 -0.90993994474411010742 -0.90993994474411010742 -0.90993994474411010742 -0.94654595851898193359 -0.94654595851898193359 -0.94654595851898193359 -0.94654595851898193359 -0.96172934770584106445 -0.96172934770584106445 -0.96172934770584106445 -0.96172934770584106445 -0.96172934770584106445 -1.016284942626953125 -1.016284942626953125 -1.016284942626953125 -1.016284942626953125 -1.016284942626953125
-0.87235313653945922852 -0.86146008968353271484 -0.86146008968353271484 -0.86146008968353271484 -0.86146008968353271484 -0.85623919963836669922 -0.85623919963836669922 -0.85623919963836669922 -0.85623919963836669922 -0.85623919963836669922 -0.85523396730422973633 -0.85523396730422973633 -0.85523396730422973633 -0.85523396730422973633 -0.85639375448226928711 -0.85639375448226928711 -0.85639375448226928711 -0.85639375448226928711 -0.85639375448226928711 -0.86163562536239624023 -0.86163562536239624023 -0.86163562536239624023 -0.86163562536239624023 -0.86163562536239624023 -0.86986345052719116211 -0.86986345052719116211 -0.87281394004821777344 -0.87281394004821777344 -0.87783926725387573242 -0.87783926725387573242 -0.88194614648818969727 -0.88194614648818969727 -0.88194614648818969727 -0.91157859563827514648 -0.91157859563827514648 -0.91157859563827514648 -0.91157859563827514648 -0.94800901412963867188 -0.94800901412963867188 -0.94800901412963867188 -0.94800901412963867188 -0.94800901412963867188 -1.016284942626953125 -1.016284942626953125 -1.016284942626953125 -1.016284942626953125 -1.016284942626953125
-0.87235313653945922852 -0.86146008968353271484 -0.86146008968353271484 -0.86146008968353271484 -0.86146008968353271484 -0.85623919963836669922 -0.85623919963836669922 -0.85623919963836669922 -0.85623919963836669922 -0.85623919963836669922 -0.85523396730422973633 -0.85523396730422973633 -0.85523396730422973633 -0.85523396730422973633 -0.85639375448226928711 -0.85639375448226928711 -0.85639375448226928711 -0.85639375448226928711 -0.85639375448226928711 -0.86163562536239624023 -0.86163562536239624023 -0.86163562536239624023 -0.86163562536239624023 -0.86163562536239624023 -0.85600948333740234375 -0.85600948333740234375 -0.85223829746246337891 -0.85223829746246337891 -0.85246455669403076172 -0.85246455669403076172 -0.8619734644889831543 -0.8619734644889831543 -0.8619734644889831543 -0.91157859563827514648 -0.91157859563827514648 -0.91157859563827514648 -0.91157859563827514648 -0.94800901412963867188 -0.94800901412963867188 -0.94800901412963867188 -0.94800901412963867188 -0.94800901412963867188 -1.016284942626953125 -1.016284942626953125 -1.016284942626953125 -1.016284942626953125 -1.016284942626953125
-0.87235313653945922852 -0.86146008968353271484 -0.86146008968353271484 -0.86146008968353271484 -0.86146008968353271484 -0.85623919963836669922 -0.85623919963836669922 -0.85623919963836669922 -0.85623919963836669922 -0.85623919963836669922 -0.85523396730422973633 -0.85523396730422973633 -0.85523396730422973633 -0.85523396730422973633 -0.85639375448226928711 -0.85639375448226928711 -0.85639375448226928711 -0.85639375448226928711 -0.85639375448226928711 -0.86163562536239624023 -0.86163562536239624023 -0.86163562536239624023 -0.86163562536239624023 -0.86163562536239624023 -0.85600948333740234375 -0.85600948333740234375 -0.85223829746246337891 -0.85223829746246337891 -0.85246455669403076172 -0.85246455669403076172 -0.8619734644889831543 -0.8619734644889831543 -0.8619734644889831543 -0.91157859563827514648 -0.91157859563827514648 -0.91157859563827514648 -0.91157859563827514648 -0.94800901412963867188 -0.94800901412963867188 -0.94800901412963867188 -0.94800901412963867188 -0.94800901412963867188 -1.016284942626953125 -1.016284942626953125 -1.016284942626953125 -1.016284942626953125 -1.016284942626953125
-0.84890234470367431641 -0.84839588403701782227 -0.84839588403701782227 -0.84376293420791625977 -0.84376293420791625977 -0.83717226982116699219 -0.83717226982116699219 -0.83646732568740844727 -0.83646732568740844727 -0.83646732568740844727 -0.8360589146614074707 -0.8360589146614074707 -0.83706796169281005859 -0.83706796169281005859 -0.83887857198715209961 -0.83887857198715209961 -0.83887857198715209961 -0.83900165557861328125 -0.83900165557861328125 -0.83655011653900146484 -0.83655011653900146484 -0.83847695589065551758 -0.83847695589065551758 -0.83847695589065551758 -0.8422870635986328125 -0.8422870635986328125 -0.84252923727035522461 -0.84252923727035522461 -0.84296983480453491211 -0.84296983480453491211 -0.84601587057113647461 -0.84601587057113647461 -0.84601587057113647461 -0.87559646368026733398 -0.87559646368026733398 -0.90526783466339111328 -0.90526783466339111328 -0.93058025836944580078 -0.93058025836944580078 -0.93058025836944580078 -0.93058025836944580078 -0.93058025836944580078 -0.97225683927536010742 -0.97225683927536010742 -0.97225683927536010742 -0.97225683927536010742 -0.97225683927536010742
-0.84890234470367431641 -0.83669942617416381836 -0.83669942617416381836 -0.83134901523590087891 -0.83134901523590087891 -0.82623440027236938477 -0.82623440027236938477 -0.82696545124053955078 -0.82696545124053955078 -0.82696545124053955078 -0.82912069559097290039 -0.82912069559097290039 -0.83070641756057739258 -0.83070641756057739258 -0.83289867639541625977 -0.83289867639541625977 -0.83289867639541625977 -0.83578920364379882812 -0.83578920364379882812 -0.83840000629425048828 -0.83840000629425048828 -0.83909189701080322266 -0.83909189701080322266 -0.83909189701080322266 -0.84066081047058105469 -0.84066081047058105469 -0.84204506874084472656 -0.84204506874084472656 -0.84247893095016479492 -0.84247893095016479492 -0.84441643953323364258 -0.84441643953323364258 -0.84441643953323364258 -0.88082456588745117188 -0.88082456588745117188 -0.90310305356979370117 -0.90310305356979370117 -0.93058025836944580078 -0.93058025836944580078 -0.93058025836944580078 -0.93058025836944580078 -0.93058025836944580078 -0.97225683927536010742 -0.97225683927536010742 -0.97225683927536010742 -0.97225683927536010742 -0.97225683927536010742
-0.84890234470367431641 -0.83669942617416381836 -0.83669942617416381836 -0.83134901523590087891 -0.83134901523590087891 -0.82623440027236938477 -0.82623440027236938477 -0.82696545124053955078 -0.82696545124053955078 -0.82696545124053955078 -0.82912069559097290039 -0.82912069559097290039 -0.83070641756057739258 -0.83070641756057739258 -0.83289867639541625977 -0.83289867639541625977 -0.83289867639541625977 -0.83578920364379882812 -0.83578920364379882812 -0.83840000629425048828 -0.83840000629425048828 -0.83909189701080322266 -0.83909189701080322266 -0.83909189701080322266 -0.84066081047058105469 -0.84066081047058105469 -0.84204506874084472656 -0.84204506874084472656 -0.84247893095016479492 -0.84247893095016479492 -0.84441643953323364258 -0.84441643953323364258 -0.84441643953323364258 -0.88082456588745117188 -0.88082456588745117188 -0.90310305356979370117 -0.90310305356979370117 -0.93058025836944580078 -0.93058025836944580078 -0.93058025836944580078 -0.93058025836944580078 -0.93058025836944580078 -0.97225683927536010742 -0.97225683927536010742 -0.97225683927536010742 -0.97225683927536010742 -0.97225683927536010742
