data/demo/waterlevel_120min_40x40m.asc
ncols        561
nrows        278
xllcorner    4.817258165162
yllcorner    52.370746892638
cellsize     0.000511251697
NODATA_value  -9999
[rows 105 to 125 of 278, columns 329 to 375 of 561]
-2.3499999046325683594 -2.3499999046325683594 -2.3499999046325683594 -2.3499999046325683594 -2.3894951343536376953 -2.3894951343536376953 -2.3894951343536376953 -2.3894951343536376953 -2.3894951343536376953 -2.3894951343536376953 -2.3894951343536376953 -2.3894951343536376953 -2.3894951343536376953 -2.33446502685546875 -2.33446502685546875 -2.33446502685546875 -2.33446502685546875 -2.33446502685546875 -2.33446502685546875 -2.33446502685546875 -2.33446502685546875 -2.33446502685546875 -2.1222994327545166016 -2.1222994327545166016 -2.1222994327545166016 -2.1222994327545166016 -2.1222994327545166016 -2.1222994327545166016 -2.1222994327545166016 -2.1222994327545166016 -2.1222994327545166016 -1.7751234769821166992 -1.7751234769821166992 -1.7751234769821166992 -1.7751234769821166992 -1.7751234769821166992 -1.7323586940765380859 -1.7323586940765380859 -1.7323586940765380859 -1.7323586940765380859 -1.7323586940765380859 -1.5406548976898193359 -1.5406548976898193359 -1.5406548976898193359 -1.5406548976898193359 -1.5024193525314331055 -1.5024193525314331055
-2.3499999046325683594 -2.3499999046325683594 -2.3499999046325683594 -2.3499999046325683594 -2.3894951343536376953 -2.3894951343536376953 -2.3894951343536376953 -2.3894951343536376953 -2.3894951343536376953 -2.3894951343536376953 -2.3894951343536376953 -2.3894951343536376953 -2.3894951343536376953 -2.33446502685546875 -2.33446502685546875 -2.33446502685546875 -2.33446502685546875 -2.33446502685546875 -2.33446502685546875 -2.33446502685546875 -2.33446502685546875 -2.33446502685546875 -2.1222994327545166016 -2.1222994327545166016 -2.1222994327545166016 -2.1222994327545166016 -2.1222994327545166016 -2.1222994327545166016 -2.1222994327545166016 -2.1222994327545166016 -2.1222994327545166016 -1.7751234769821166992 -1.7751234769821166992 -1.7751234769821166992 -1.7751234769821166992 -1.7751234769821166992 -1.7323586940765380859 -1.7323586940765380859 -1.7323586940765380859 -1.7323586940765380859 -1.7323586940765380859 -1.5406548976898193359 -1.5406548976898193359 -1.5406548976898193359 -1.5406548976898193359 -1.5024193525314331055 -1.5024193525314331055
-2.3499999046325683594 -2.3499999046325683594 -2.3499999046325683594 -2.3499999046325683594 -2.3894951343536376953 -2.3894951343536376953 -2.3894951343536376953 -2.3894951343536376953 -2.3894951343536376953 -2.3894951343536376953 -2.3894951343536376953 -2.3894951343536376953 -2.3894951343536376953 -2.33446502685546875 -2.33446502685546875 -2.33446502685546875 -2.33446502685546875 -2.33446502685546875 -2.33446502685546875 -2.33446502685546875 -2.33446502685546875 -2.33446502685546875 -2.1222994327545166016 -2.1222994327545166016 -2.1222994327545166016 -2.1222994327545166016 -2.1222994327545166016 -2.1222994327545166016 -2.1222994327545166016 -2.1222994327545166016 -2.1222994327545166016 -2.1222994327545166016 -1.7751234769821166992 -1.7751234769821166992 -1.7751234769821166992 -1.7751234769821166992 -1.7323586940765380859 -1.7323586940765380859 -1.7323586940765380859 -1.7323586940765380859 -1.7323586940765380859 -1.5406548976898193359 -1.5406548976898193359 -1.5406548976898193359 -1.5406548976898193359 -1.5024193525314331055 -1.5024193525314331055
-2.3499999046325683594 -2.3499999046325683594 -2.3499999046325683594 -2.3499999046325683594 -2.3499999046325683594 -2.3499999046325683594 -2.3499999046325683594 -2.3499999046325683594 -2.3599998950958251953 -2.3599998950958251953 -2.3599998950958251953 -2.3599998950958251953 -2.3599998950958251953 -2.3499522209167480469 -2.3499522209167480469 -2.3499522209167480469 -2.3499522209167480469 -2.3499522209167480469 -2.3499598503112792969 -2.3499598503112792969 -2.3499598503112792969 -2.3499598503112792969 -2.3499999046325683594 -2.3499999046325683594 -2.3499999046325683594 -2.3499999046325683594 -2.3499999046325683594 -2.2417862415313720703 -2.2417862415313720703 -2.2417862415313720703 -2.2417862415313720703 -2.2417862415313720703 -1.8157374858856201172 -1.8157374858856201172 -1.8157374858856201172 -1.8157374858856201172 -1.8034811019897460938 -1.8034811019897460938 -1.7284233570098876953 -1.7284233570098876953 -1.7284233570098876953 -1.5713886022567749023 -1.5713886022567749023 -1.5151703357696533203 -1.5151703357696533203 -1.5065363645553588867 -1.5065363645553588867
-2.3499999046325683594 -2.3499999046325683594 -2.3499999046325683594 -2.3499999046325683594 -2.3499999046325683594 -2.3499999046325683594 -2.3499999046325683594 -2.3499999046325683594 -2.3499999046325683594 -2.3599998950958251953 -2.3599998950958251953 -2.3599998950958251953 -2.3599998950958251953 -2.3499522209167480469 -2.3499522209167480469 -2.3499522209167480469 -2.3499522209167480469 -2.3499522209167480469 -2.3499598503112792969 -2.3499598503112792969 -2.3499598503112792969 -2.3499598503112792969 -2.3499999046325683594 -2.3499999046325683594 -2.3499999046325683594 -2.3499999046325683594 -2.3499999046325683594 -2.2417862415313720703 -2.2417862415313720703 -2.2417862415313720703 -2.2417862415313720703 -2.2417862415313720703 -1.8157374858856201172 -1.8157374858856201172 -1.8157374858856201172 -1.8157374858856201172 -1.8034811019897460938 -1.8034811019897460938 -1.7284233570098876953 -1.7284233570098876953 -1.7284233570098876953 -1.5713886022567749023 -1.5713886022567749023 -1.5151703357696533203 -1.5151703357696533203 -1.5065363645553588867 -1.5065363645553588867
-2.3499999046325683594 -2.3499999046325683594 -2.3499999046325683594 -2.3499999046325683594 -2.3499999046325683594 -2.3499999046325683594 -2.3499999046325683594 -2.3499999046325683594 -2.3499999046325683594 -2.3599998950958251953 -2.3599998950958251953 -2.3599998950958251953 -2.3599998950958251953 -2.3499522209167480469 -2.3499522209167480469 -2.3499522209167480469 -2.3499522209167480469 -2.3499522209167480469 -2.3499598503112792969 -2.3499598503112792969 -2.3499598503112792969 -2.3499598503112792969 -2.3499999046325683594 -2.3499999046325683594 -2.3499999046325683594 -2.3499999046325683594 -2.3499999046325683594 -2.2417862415313720703 -2.2417862415313720703 -2.2417862415313720703 -2.2417862415313720703 -2.2417862415313720703 -1.8157374858856201172 -1.8157374858856201172 -1.8157374858856201172 -1.8157374858856201172 -1.8158341646194458008 -1.8158341646194458008 -1.7290093898773193359 -1.7290093898773193359 -1.7290093898773193359 -1.5721994638442993164 -1.5721994638442993164 -2.0799999237060546875 -2.0799999237060546875 -3.2999999523162841797 -3.2999999523162841797
-2.3499999046325683594 -2.3499999046325683594 -2.3499999046325683594 -2.3499999046325683594 -2.3499999046325683594 -2.3499999046325683594 -2.3499999046325683594 -2.3499999046325683594 -2.3499999046325683594 -2.3699998855590820312 -2.3699998855590820312 -2.3699998855590820312 -2.3699998855590820312 -2.3699998855590820312 -2.3699998855590820312 -2.3699998855590820312 -2.3699998855590820312 -2.3699998855590820312 -2.3499999046325683594 -2.3499999046325683594 -2.3499999046325683594 -2.3499999046325683594 -2.3499999046325683594 -2.3499999046325683594 -2.3499999046325683594 -2.3499999046325683594 -2.3499999046325683594 -2.3355658054351806641 -2.3355658054351806641 -2.4676406383514404297 -2.4676406383514404297 -2.4676406383514404297 -1.8211634159088134766 -1.8211634159088134766 -1.8224930763244628906 -1.8224930763244628906 -1.8197137117385864258 -1.8197137117385864258 -1.7999999523162841797 -1.7999999523162841797 -1.7999999523162841797 -2.4100000858306884766 -2.4100000858306884766 -2.4100000858306884766 -2.4100000858306884766 -3.2999999523162841797 -3.2999999523162841797
-2.3499999046325683594 -2.3499999046325683594 -2.3499999046325683594 -2.3499999046325683594 -2.3499999046325683594 -2.3499999046325683594 -2.3499999046325683594 -2.3499999046325683594 -2.3499999046325683594 -2.3699998855590820312 -2.3699998855590820312 -2.3699998855590820312 -2.3699998855590820312 -2.3699998855590820312 -2.3699998855590820312 -2.3699998855590820312 -2.3699998855590820312 -2.3699998855590820312 -2.3499999046325683594 -2.3499999046325683594 -2.3499999046325683594 -2.3499999046325683594 -2.3499999046325683594 -2.3499999046325683594 -2.3499999046325683594 -2.3499999046325683594 -2.3499999046325683594 -2.3499999046325683594 -2.3499999046325683594 -2.4100000858306884766 -2.4100000858306884766 -2.4100000858306884766 -1.8899999856948852539 -1.8899999856948852539 -2.5599999427795410156 -2.5599999427795410156 -2.4700000286102294922 -2.4700000286102294922 -1.7300000190734863281 -1.7300000190734863281 -1.7300000190734863281 -2.4100000858306884766 -2.4100000858306884766 -2.4100000858306884766 -2.4100000858306884766 -3.2999999523162841797 -3.2999999523162841797
-2.3499999046325683594 -2.3499999046325683594 -2.3499999046325683594 -2.3499999046325683594 -2.3499999046325683594 -2.3499999046325683594 -2.3499999046325683594 -2.3499999046325683594 -2.3499999046325683594 -2.3699998855590820312 -2.3699998855590820312 -2.3699998855590820312 -2.3699998855590820312 -2.3699998855590820312 -2.3699998855590820312 -2.3699998855590820312 -2.3699998855590820312 -2.3699998855590820312 -2.3499999046325683594 -2.3499999046325683594 -2.3499999046325683594 -2.3499999046325683594 -2.3499999046325683594 -2.3499999046325683594 -2.3499999046325683594 -2.3499999046325683594 -2.3499999046325683594 -2.3499999046325683594 -2.3499999046325683594 -2.4100000858306884766 -2.4100000858306884766 -2.4100000858306884766 -1.8899999856948852539 -1.8899999856948852539 -2.5599999427795410156 -2.5599999427795410156 -2.4700000286102294922 -2.4700000286102294922 -1.7300000190734863281 -1.7300000190734863281 -1.7300000190734863281 -2.4100000858306884766 -2.4100000858306884766 -2.4100000858306884766 -2.4100000858306884766 -3.2999999523162841797 -3.2999999523162841797
-2.3499999046325683594 -2.3499999046325683594 -2.3499999046325683594 -2.3499999046325683594 -2.3499999046325683594 -2.3499999046325683594 -2.3499999046325683594 -2.3499999046325683594 -2.3499999046325683594 -2.3499999046325683594 -2.3499999046325683594 -2.3499999046325683594 -2.3499999046325683594 -2.3499999046325683594 -2.3499999046325683594 -2.3499999046325683594 -2.3499999046325683594 -2.3499999046325683594 -2.3499999046325683594 -2.3499999046325683594 -2.3499999046325683594 -2.3499999046325683594 -2.3499999046325683594 -2.3499999046325683594 -2.3499999046325683594 -2.3499999046325683594 -2.3499999046325683594 -2.3499999046325683594 -2.3499999046325683594 -1.9400000572204589844 -1.9400000572204589844 -1.9400000572204589844 -1.9500000476837158203 -1.9500000476837158203 -2.3499999046325683594 -2.3499999046325683594 -2.1900000572204589844 -2.1900000572204589844 -1.7300000190734863281 -1.7300000190734863281 -1.7300000190734863281 -1.9600000381469726562 -1.9600000381469726562 -2.4100000858306884766 -2.4100000858306884766 -3.2999999523162841797 -3.2999999523162841797
-2.3499999046325683594 -2.3499999046325683594 -2.3499999046325683594 -2.3499999046325683594 -2.3499999046325683594 -2.3499999046325683594 -2.3499999046325683594 -2.3499999046325683594 -2.3499999046325683594 -2.3499999046325683594 -2.3499999046325683594 -2.4100000858306884766 -2.4100000858306884766 -2.3499999046325683594 -2.3499999046325683594 -1.5599999427795410156 -1.5599999427795410156 -1.5599999427795410156 -2.3499999046325683594 -2.3499999046325683594 -1.5599999427795410156 -1.5599999427795410156 -1.7300000190734863281 -1.7300000190734863281 -1.7300000190734863281 -1.5700000524520874023 -1.5700000524520874023 -2.1099998950958251953 -2.1099998950958251953 -1.8600000143051147461 -1.8600000143051147461 -1.8600000143051147461 -1.7699999809265136719 -1.7699999809265136719 -2.1400001049041748047 -2.1400001049041748047 -1.879999995231628418 -1.879999995231628418 -1.5900000333786010742 -1.5900000333786010742 -1.6100000143051147461 -1.6000000238418579102 -2.3446054458618164062 -2.3446054458618164062 -2.3446054458618164062 -3.8820965290069580078 -3.8820965290069580078
-2.3499999046325683594 -2.3499999046325683594 -2.3499999046325683594 -2.3499999046325683594 -2.3499999046325683594 -2.3499999046325683594 -2.3499999046325683594 -2.3499999046325683594 -2.3499999046325683594 -2.3499999046325683594 -2.3499999046325683594 -2.4100000858306884766 -2.4100000858306884766 -2.3499999046325683594 -2.3499999046325683594 -1.5599999427795410156 -1.5599999427795410156 -1.5599999427795410156 -2.3499999046325683594 -2.3499999046325683594 -1.5599999427795410156 -1.5599999427795410156 -1.7300000190734863281 -1.7300000190734863281 -1.7300000190734863281 -1.5700000524520874023 -1.5700000524520874023 -2.1099998950958251953 -2.1099998950958251953 -1.8600000143051147461 -1.8600000143051147461 -1.8600000143051147461 -1.7699999809265136719 -1.7699999809265136719 -2.1400001049041748047 -2.1400001049041748047 -1.879999995231628418 -1.879999995231628418 -2.3446056842803955078 -2.3446056842803955078 -2.3446056842803955078 -2.3446059226989746094 -2.3446054458618164062 -2.3446054458618164062 -2.3446054458618164062 -3.8820965290069580078 -3.8820965290069580078
-2.3499999046325683594 -2.3499999046325683594 -1.9600000381469726562 -1.9600000381469726562 -2.3499999046325683594 -2.3499999046325683594 -2.3499999046325683594 -2.3499999046325683594 -2.3499999046325683594 -1.879999995231628418 -1.879999995231628418 -1.5599999427795410156 -1.5599999427795410156 -1.5599999427795410156 -1.5599999427795410156 -2.3446114063262939453 -2.3446114063262939453 -2.3446111679077148438 -2.3446109294891357422 -2.3446109294891357422 -2.3446109294891357422 -1.4400000572204589844 -1.7100000381469726562 -1.7100000381469726562 -1.7100000381469726562 -1.6699999570846557617 -1.6699999570846557617 -2.3446061611175537109 -2.3446116447448730469 -2.3446116447448730469 -2.3446128368377685547 -2.3446128368377685547 -2.3446111679077148438 -2.3446085453033447266 -2.3446068763732910156 -2.3446063995361328125 -2.3446063995361328125 -2.3446061611175537109 -2.3446059226989746094 -2.3446059226989746094 -2.3446056842803955078 -1.5800000429153442383 -1.7999999523162841797 -1.75 -1.8999999761581420898 -4.3830657005310058594 -4.3830657005310058594
-2.3499999046325683594 -2.3499999046325683594 -2.3499999046325683594 -2.3499999046325683594 -2.3499999046325683594 -2.3499999046325683594 -1.6599999666213989258 -1.6599999666213989258 -1.6599999666213989258 -1.5900000333786010742 -1.5900000333786010742 -2.3446094989776611328 -2.3446104526519775391 -2.3446109294891357422 -2.3446116447448730469 -2.3446114063262939453 -2.3446114063262939453 -2.3446114063262939453 -2.3446109294891357422 -2.3446109294891357422 -2.3446106910705566406 -2.3446106910705566406 -1.5599999427795410156 -1.5599999427795410156 -1.5599999427795410156 -1.5599999427795410156 -2.3446066379547119141 -2.3446075916290283203 -2.3446133136749267578 -2.3446147441864013672 -2.3446147441864013672 -2.3446147441864013672 -2.3446094989776611328 -2.3446080684661865234 -2.3446068763732910156 -2.3446066379547119141 -2.3446063995361328125 -1.5 -1.5 -1.9199999570846557617 -1.9099999666213989258 -1.9400000572204589844 -1.9400000572204589844 -1.9500000476837158203 -1.9500000476837158203 -3.2699999809265136719 -3.2699999809265136719
-2.3499999046325683594 -2.3499999046325683594 -2.3499999046325683594 -2.3499999046325683594 -2.3499999046325683594 -2.3499999046325683594 -1.6599999666213989258 -1.6599999666213989258 -1.5599999427795410156 -2.34461212158203125 -2.3446130752563476562 -2.3446135520935058594 -2.3446125984191894531 -2.3446118831634521484 -2.3446118831634521484 -2.3446111679077148438 -2.3446111679077148438 -2.3446111679077148438 -2.3446111679077148438 -2.3446111679077148438 -2.3446106910705566406 -2.3446104526519775391 -1.5 -1.5 -2.3446090221405029297 -2.3446090221405029297 -2.3446092605590820312 -2.3446092605590820312 -2.3446087837219238281 -2.3446116447448730469 -2.3446123600006103516 -2.3446123600006103516 -1.5199999809265136719 -1.6799999475479125977 -1.8200000524520874023 -1.8200000524520874023 -1.5700000524520874023 -1.5700000524520874023 -1.5700000524520874023 -1.9099999666213989258 -1.9099999666213989258 -1.8961570262908935547 -1.8961570262908935547 -1.8961570262908935547 -1.8961570262908935547 -2.8299999237060546875 -2.8299999237060546875
-2.3499999046325683594 -2.3499999046325683594 -1.5599999427795410156 -1.5599999427795410156 -1.6000000238418579102 -1.6000000238418579102 -2.3446109294891357422 -2.3446187973022460938 -2.3446187973022460938 -2.3446135520935058594 -2.3446142673492431641 -2.3446149826049804688 -2.3446152210235595703 -2.3446118831634521484 -2.3446118831634521484 -2.3446118831634521484 -2.3446111679077148438 -2.3446111679077148438 -2.3446111679077148438 -2.3446111679077148438 -2.3446111679077148438 -2.3446102142333984375 -2.3446099758148193359 -2.3446099758148193359 -2.3446094989776611328 -2.3446094989776611328 -2.3446094989776611328 -2.3446092605590820312 -2.3446090221405029297 -1.5199999809265136719 -1.5599999427795410156 -1.5599999427795410156 -1.5399999618530273438 -1.5499999523162841797 -1.8200000524520874023 -1.8200000524520874023 -1.5700000524520874023 -1.5700000524520874023 -1.5700000524520874023 -1.9099999666213989258 -1.9099999666213989258 -1.8961570262908935547 -1.8961570262908935547 -1.8961570262908935547 -1.8961570262908935547 -2.8299999237060546875 -2.8299999237060546875
-1.5599999427795410156 -1.5599999427795410156 -1.5599999427795410156 -1.5599999427795410156 -1.5599999427795410156 -2.344608306884765625 -2.3446094989776611328 -2.3446125984191894531 -2.3446125984191894531 -2.3446145057678222656 -2.3446145057678222656 -2.3446149826049804688 -2.3446149826049804688 -2.3446142673492431641 -2.3446106910705566406 -2.3446106910705566406 -2.3446104526519775391 -2.3446111679077148438 -2.3446114063262939453 -2.3446106910705566406 -2.3446104526519775391 -2.3446097373962402344 -2.3446094989776611328 -2.3446094989776611328 -2.3446094989776611328 -2.3446094989776611328 -2.3446092605590820312 -2.3446090221405029297 -1.5599999427795410156 -1.5599999427795410156 -1.5599999427795410156 -1.5599999427795410156 -1.5599999427795410156 -1.5599999427795410156 -1.5800000429153442383 -1.5800000429153442383 -1.8999999761581420898 -1.8999999761581420898 -1.8999999761581420898 -1.8999999761581420898 -1.8999999761581420898 -1.8961570262908935547 -1.8961570262908935547 -1.8961570262908935547 -1.8961570262908935547 -1.5802060365676879883 -1.5802060365676879883
-1.5599999427795410156 -1.5599999427795410156 -1.5700000524520874023 -2.3446073532104492188 -2.3446073532104492188 -2.3446078300476074219 -2.3446092605590820312 -2.3446092605590820312 -2.3446092605590820312 -2.34461212158203125 -2.3446149826049804688 -2.3446161746978759766 -2.3446128368377685547 -2.3446137905120849609 -1.5599999427795410156 -1.5599999427795410156 -1.8899999856948852539 -1.8899999856948852539 -1.5599999427795410156 -1.5599999427795410156 -1.5599999427795410156 -1.5599999427795410156 -2.2200000286102294922 -2.2200000286102294922 -2.2200000286102294922 -2.3446092605590820312 -1.5599999427795410156 -1.7100000381469726562 -1.7100000381469726562 -1.6599999666213989258 -1.6599999666213989258 -1.6599999666213989258 -1.8999999761581420898 -1.8999999761581420898 -1.8999999761581420898 -1.8999999761581420898 -1.8999999761581420898 -1.8999999761581420898 -1.8999999761581420898 -1.8999999761581420898 -1.8999999761581420898 -1.8189872503280639648 -1.8189872503280639648 -1.8189872503280639648 -1.8189872503280639648 -1.5628631114959716797 -1.5628631114959716797
-1.5599999427795410156 -1.5599999427795410156 -1.5599999427795410156 -1.5099999904632568359 -2.3446078300476074219 -2.3446080684661865234 -2.3446092605590820312 -2.3446092605590820312 -2.3446092605590820312 -2.344608306884765625 -2.3446071147918701172 -1.5099999904632568359 -1.5900000333786010742 -1.5599999427795410156 -1.8400000333786010742 -1.8400000333786010742 -1.8899999856948852539 -1.8899999856948852539 -1.5599999427795410156 -1.5599999427795410156 -1.5599999427795410156 -1.5599999427795410156 -2.2200000286102294922 -2.2200000286102294922 -2.2200000286102294922 -2.2200000286102294922 -1.5599999427795410156 -1.7100000381469726562 -1.7100000381469726562 -1.6599999666213989258 -1.6599999666213989258 -1.6599999666213989258 -1.8999999761581420898 -1.8999999761581420898 -1.8999999761581420898 -1.8999999761581420898 -1.8999999761581420898 -1.8999999761581420898 -1.8999999761581420898 -1.8999999761581420898 -1.8999999761581420898 -1.8189872503280639648 -1.8189872503280639648 -1.8189872503280639648 -1.8189872503280639648 -1.5628631114959716797 -1.5628631114959716797
-1.5599999427795410156 -1.5599999427795410156 -1.5700000524520874023 -1.5700000524520874023 -1.5499999523162841797 -1.5800000429153442383 -1.5599999427795410156 -2.3446090221405029297 -2.3446090221405029297 -2.3446087837219238281 -1.5099999904632568359 -1.5800000429153442383 -1.5800000429153442383 -1.870000004768371582 -1.870000004768371582 -1.870000004768371582 -1.8300000429153442383 -1.8300000429153442383 -1.8999999761581420898 -1.8999999761581420898 -1.5599999427795410156 -1.5599999427795410156 -2.2200000286102294922 -2.2200000286102294922 -2.2200000286102294922 -2.2200000286102294922 -2.2200000286102294922 -1.6100000143051147461 -1.6100000143051147461 -1.8999999761581420898 -1.8999999761581420898 -1.8999999761581420898 -1.8999999761581420898 -1.8999999761581420898 -1.8999999761581420898 -1.8999999761581420898 -1.8999999761581420898 -1.8999999761581420898 -1.8999999761581420898 -1.8999999761581420898 -1.8999999761581420898 -1.8189872503280639648 -1.8189872503280639648 -1.8189872503280639648 -1.8189872503280639648 -1.5215036869049072266 -1.5215036869049072266
-1.5700000524520874023 -1.5700000524520874023 -1.5800000429153442383 -1.5800000429153442383 -1.5700000524520874023 -1.5700000524520874023 -1.5599999427795410156 -1.5599999427795410156 -1.5599999427795410156 -3.5599999427795410156 -3.5599999427795410156 -1.7400000095367431641 -1.7400000095367431641 -2.2200000286102294922 -2.2200000286102294922 -2.2200000286102294922 -2.2200000286102294922 -2.2200000286102294922 -2.2200000286102294922 -2.2200000286102294922 -2.2200000286102294922 -2.2200000286102294922 -2.2200000286102294922 -2.2200000286102294922 -2.2200000286102294922 -2.2200000286102294922 -2.2200000286102294922 -2.2200000286102294922 -2.2200000286102294922 -2.2200000286102294922 -2.2200000286102294922 -2.2200000286102294922 -1.7022432088851928711 -1.7022432088851928711 -1.7022432088851928711 -1.7022432088851928711 -1.7022432088851928711 -1.7022432088851928711 -1.7022432088851928711 -1.7022432088851928711 -1.7022432088851928711 -1.4622046947479248047 -1.4622046947479248047 -1.4622046947479248047 -1.4622046947479248047 -1.4641885757446289062 -1.4641885757446289062
