data/demo/waterlevel_0min_40x40m.asc
ncols        561
nrows        278
xllcorner    4.817258165162
yllcorner    52.370746892638
cellsize     0.000511251697
NODATA_value  -9999
[rows 120 to 139 of 278, columns 135 to 179 of 561]
-1.7999999523162841797 -1.7999999523162841797 -1.7999999523162841797 -1.7999999523162841797 -1.7999999523162841797 -1.7999999523162841797 -1.7999999523162841797 -1.7999999523162841797 -1.7999999523162841797 -1.7999999523162841797 -1.7999999523162841797 -1.7999999523162841797 -1.7999999523162841797 -1.7999999523162841797 -1.7999999523162841797 -1.7999999523162841797 -1.7999999523162841797 -1.7999999523162841797 -1.7999999523162841797 -1.7999999523162841797 -1.7999999523162841797 -1.7999999523162841797 -1.7999999523162841797 -1.7999999523162841797 -1.7999999523162841797 -0.81999999284744262695 -0.81999999284744262695 -1.7799999713897705078 -2 -2.1300001144409179688 -2.1199998855590820312 -1.4199999570846557617 -0.81999999284744262695 -1.1399999856948852539 -1.1399999856948852539 -1.2000000476837158203 -1.4400000572204589844 -1.4400000572204589844 -1.5599999427795410156 -0.46000000834465026855 -0.50999999046325683594 -0.80000001192092895508 -0.80000001192092895508 -0.79000002145767211914 -1.2799999713897705078
-1.7999999523162841797 -1.7999999523162841797 -1.5700000524520874023 -1.3899999856948852539 -1.3899999856948852539 -1.2599999904632568359 -0.57999998331069946289 -0.86000001430511474609 -1.4800000190734863281 -1.7999999523162841797 -1.7999999523162841797 -1.7999999523162841797 -1.7999999523162841797 -1.7999999523162841797 -1.7999999523162841797 -1.7999999523162841797 -1.7999999523162841797 -1.7999999523162841797 -1.7999999523162841797 -1.7999999523162841797 -1.7999999523162841797 -1.7999999523162841797 -1.7999999523162841797 -1.7999999523162841797 -1.7999999523162841797 -1.4340000152587890625 -1.4340000152587890625 -1.9500000476837158203 -1.7599999904632568359 -0.50999999046325683594 -2.6199998855590820312 -1.3200000524520874023 -1.2620000839233398438 -1.5499999523162841797 -1.5499999523162841797 -1.7899999618530273438 -2.0120000839233398438 -2.9000000953674316406 -1.5599999427795410156 -1.3600000143051147461 -0.85000002384185791016 -0.99200010299682617188 -0.99200010299682617188 -1.0499999523162841797 -0.93200010061264038086
-1.7999999523162841797 -1.7000000476837158203 -1.2100000381469726562 -1.2100000381469726562 -1.0199999809265136719 -1.7999999523162841797 -1.370000004768371582 -0.46999999880790710449 -1.6399999856948852539 -1.7999999523162841797 -1.7999999523162841797 -1.7999999523162841797 -1.7999999523162841797 -1.7999999523162841797 -1.7999999523162841797 -1.7999999523162841797 -1.7999999523162841797 -1.7999999523162841797 -1.7999999523162841797 -1.7999999523162841797 -1.7999999523162841797 -0.64999997615814208984 -1.6799999475479125977 -1.2139999866485595703 -2.6199998855590820312 -1.6599999666213989258 -1.6599999666213989258 -2.9040000438690185547 -2.0840001106262207031 -2.2200000286102294922 -2.8299999237060546875 -2.2599999904632568359 -2.3599998950958251953 3.9879999160766601562 3.9879999160766601562 -2.9000000953674316406 -2.9000000953674316406 -2.5799999237060546875 -0.33200013637542724609 -1.1599999666213989258 -1.3600000143051147461 -1.0800000429153442383 -1.0800000429153442383 -0.90999996662139892578 -0.41999998688697814941
-1.7999999523162841797 -1.7999999523162841797 -1.5 -1.5 -1.2300000190734863281 -0.28999999165534973145 -0.74000000953674316406 -1.7999999523162841797 -1.7999999523162841797 -1.7999999523162841797 -1.7999999523162841797 -1.7999999523162841797 -1.7999999523162841797 -1.7999999523162841797 -1.7999999523162841797 -1.7999999523162841797 -1.7999999523162841797 -0.99000000953674316406 -1.4500000476837158203 -1.4500000476837158203 -1.2599999904632568359 -1.9099999666213989258 1.5260000228881835938 -1.5939999818801879883 -1.8500000238418579102 -2.1500000953674316406 -2.1500000953674316406 -2.0699999332427978516 -2.1099998950958251953 -2.2300000190734863281 -2.2400000095367431641 -2.1099998950958251953 -2.6900000572204589844 -2.6099998950958251953 -2.6099998950958251953 -2.9000000953674316406 -2.9000000953674316406 -2.4900000095367431641 -0.74000000953674316406 -1.2000000476837158203 -1.3400000333786010742 -1.3400000333786010742 -1.2999999523162841797 -1.129999995231628418 -0.79999995231628417969
-1.7999999523162841797 -1.7999999523162841797 -1.7999999523162841797 -1.7999999523162841797 -1.7999999523162841797 -1.7999999523162841797 -1.7999999523162841797 -1.7999999523162841797 -1.7999999523162841797 -1.7999999523162841797 -1.7999999523162841797 -1.7999999523162841797 -0.82700002193450927734 -2.9000000953674316406 -1.4900000095367431641 -1.4099999666213989258 -1.4400000572204589844 -1.3600000143051147461 -1.9800000190734863281 -1.9800000190734863281 -0.023999996483325958252 -2.9000000953674316406 -2.0399999618530273438 -1.879999995231628418 -2.1300001144409179688 -2.1099998950958251953 -2.1099998950958251953 -2.9000000953674316406 -2.9000000953674316406 -2.9000000953674316406 -2.5999999046325683594 -2.9000000953674316406 -2.5799999237060546875 -2.5599999427795410156 -2.5599999427795410156 -2.9000000953674316406 -2.6099998950958251953 -2.7699999809265136719 -2.9000000953674316406 -1.5599999427795410156 -1.2899999618530273438 -1.2899999618530273438 -1.4099999666213989258 -1.3500000238418579102 -1.2999999523162841797
-1.1100000143051147461 -1.7999999523162841797 -1.7999999523162841797 -1.7999999523162841797 -1.7999999523162841797 -1.7999999523162841797 -0.27000001072883605957 -0.75999999046325683594 -1.7999999523162841797 -1.7999999523162841797 -1.7999999523162841797 -1.7999999523162841797 -1.620000004768371582 -1.5800000429153442383 -2.9000000953674316406 -1.9299999475479125977 -1.8600000143051147461 -2.25 -2.25 -2.1199998855590820312 -2.2400000095367431641 -1.7699999809265136719 -1.9700000286102294922 -2 -2.4700000286102294922 -2.9000000953674316406 -2.9000000953674316406 -2.4100000858306884766 -2.4700000286102294922 -2.7400000095367431641 -2.6500000953674316406 -2.9000000953674316406 -2.6099998950958251953 -2.9000000953674316406 -2.9000000953674316406 -2.6300001144409179688 -2.5399999618530273438 -2.7899999618530273438 -2.6600000858306884766 -0.93000000715255737305 -1.5599999427795410156 -1.5599999427795410156 -1.2400000095367431641 -0.97000002861022949219 -1.1799999475479125977
-0.94999998807907104492 -0.98000001907348632812 -1.7999999523162841797 -1.7999999523162841797 -0.83999997377395629883 -0.62000000476837158203 -0.61000001430511474609 -0.6770000457763671875 -0.98000001907348632812 -1.7999999523162841797 -1.7999999523162841797 -1.7999999523162841797 -1.6599999666213989258 -2.9000000953674316406 -2.0999999046325683594 -2 -2.1400001049041748047 -2.1800000667572021484 -2.1800000667572021484 -2.3599998950958251953 -2.2000000476837158203 -1.3600000143051147461 -1.8500000238418579102 -2.9000000953674316406 -2.4300000667572021484 -2.3399999141693115234 -2.4000000953674316406 -2.25 -2.3800001144409179688 -2.3199999332427978516 -2.5899999141693115234 -2.9000000953674316406 -2.5899999141693115234 -2.6099998950958251953 -2.6099998950958251953 -2.6500000953674316406 -2.9000000953674316406 -2.5199999809265136719 -2.7200000286102294922 -2.6099998950958251953 -1.1900000572204589844 -1.1900000572204589844 -1.4199999570846557617 -1.120000004768371582 -1.1100000143051147461
-0.98000001907348632812 -0.82999998331069946289 -0.70900005102157592773 -0.70900005102157592773 -0.56999999284744262695 -1.2000000476837158203 -1.2000000476837158203 -0.079999998211860656738 -0.11999999731779098511 -1.2200000286102294922 -1.7999999523162841797 -1.7999999523162841797 -1.7999999523162841797 -1.7999999523162841797 -1.5700000524520874023 -2.0099999904632568359 -1.9800000190734863281 -2.2200000286102294922 -2.2200000286102294922 -1.9299999475479125977 -2.7200000286102294922 -1.4339998960494995117 -1.75 -2.4500000476837158203 -2.2300000190734863281 -2.2899999618530273438 -2.2899999618530273438 -2.3699998855590820312 -2.6300001144409179688 -2.3499999046325683594 -2.5099999904632568359 -2.4800000190734863281 -2.2580001354217529297 -2.6099998950958251953 -2.6099998950958251953 -2.6300001144409179688 -2.7300000190734863281 -2.6199998855590820312 -2.6600000858306884766 -2.5599999427795410156 -2.9000000953674316406 -2.9000000953674316406 -1.5599999427795410156 -1.5599999427795410156 -1.3500000238418579102
-1.7799999713897705078 -1.1699999570846557617 -0.88999998569488525391 -0.88999998569488525391 -1.3600000143051147461 -1.0299999713897705078 -1.0700000524520874023 -0.11999999731779098511 -0.86000001430511474609 2.9210000038146972656 -1.7999999523162841797 -1.7999999523162841797 -1.7999999523162841797 -1.7999999523162841797 -1.0890001058578491211 -1.129999995231628418 -1.5700000524520874023 -1.5499999523162841797 -1.5499999523162841797 -1.5499999523162841797 -2.4300000667572021484 -1.6139999628067016602 -2.9000000953674316406 -2.4300000667572021484 -2.3399999141693115234 -2.25 -2.25 -2.3900001049041748047 -2.9200000762939453125 -2.9000000953674316406 -2.5599999427795410156 -2.7000000476837158203 -2.6199998855590820312 -2.6199998855590820312 -2.0280001163482666016 -2.5399999618530273438 -2.6900000572204589844 -2.9000000953674316406 -2.5099999904632568359 -2.3299999237060546875 -2.3900001049041748047 -2.3900001049041748047 -0.48800015449523925781 -1.5599999427795410156 -1.5599999427795410156
-1.2999999523162841797 -0.94999998807907104492 -0.87000000476837158203 -0.87000000476837158203 -0.72000002861022949219 -1.2599999904632568359 -0.20000000298023223877 15.810999870300292969 -1.2999999523162841797 -2.2200000286102294922 -1.370000004768371582 -1.370000004768371582 -1.7999999523162841797 -1.7999999523162841797 -1.7200000286102294922 -2.3299999237060546875 -2.2899999618530273438 -2.2699999809265136719 -2.2699999809265136719 -2.2899999618530273438 -2.4500000476837158203 -2.1740000247955322266 -2.9000000953674316406 -2.7300000190734863281 -2.9000000953674316406 -2.5199999809265136719 -2.5199999809265136719 -2.5 -2.5599999427795410156 -2.4700000286102294922 -2.5799999237060546875 -2.5399999618530273438 -2.5199999809265136719 -2.5199999809265136719 -2.5799999237060546875 -2.5499999523162841797 -2.5399999618530273438 -2.1800000667572021484 -2.5399999618530273438 -2.0980000495910644531 -2.1500000953674316406 -2.1500000953674316406 -2.9000000953674316406 -1.5599999427795410156 -1.2799999713897705078
-1.3400000333786010742 -0.96000009775161743164 -0.98000001907348632812 -0.98000001907348632812 -2.2200000286102294922 -1.2400000095367431641 -1.4800000190734863281 -2.2200000286102294922 -1.0399999618530273438 -1.0800000429153442383 -1.0800000429153442383 -1.120000004768371582 -1.5199999809265136719 -1.7999999523162841797 -1.7999999523162841797 -2.4700000286102294922 -2.0899999141693115234 -2.2400000095367431641 -2.2400000095367431641 -2.9300000667572021484 -2.4400000572204589844 -2.1900000572204589844 -2.6099998950958251953 -2.75 -2.6300001144409179688 -2.3800001144409179688 -2.3800001144409179688 -2.5899999141693115234 -2.5999999046325683594 -2.5799999237060546875 -2.4900000095367431641 -2.6099998950958251953 -2.5999999046325683594 -2.5999999046325683594 -2.4900000095367431641 -2.9000000953674316406 -2.6500000953674316406 -2.9000000953674316406 -2.9000000953674316406 -2.9000000953674316406 -2.5499999523162841797 -2.5499999523162841797 -2.1900000572204589844 -0.8180001378059387207 -1.5599999427795410156
-1.1900000572204589844 -1.6100000143051147461 -0.74000000953674316406 -0.74000000953674316406 -1 -2.2200000286102294922 -0.47999998927116394043 -1.1399999856948852539 -1.4800000190734863281 -1.4299999475479125977 -1.4299999475479125977 -1.3899999856948852539 -1.3690000772476196289 -1.4290000200271606445 -2.9000000953674316406 -1.9290000200271606445 -2.5399999618530273438 -2.4800000190734863281 -2.4800000190734863281 -2.5199999809265136719 -2.6700000762939453125 -2.5399999618530273438 -2.9000000953674316406 -2.9000000953674316406 -2.9000000953674316406 -2.9000000953674316406 -2.9000000953674316406 -2.9000000953674316406 -2.9000000953674316406 -2.6600000858306884766 -2.4900000095367431641 -2.5199999809265136719 -2.5099999904632568359 -2.5099999904632568359 -2.5499999523162841797 -2.3880002498626708984 -2.9000000953674316406 -2.9000000953674316406 -2.9000000953674316406 -2.5699999332427978516 -2.5199999809265136719 -2.5199999809265136719 -2.4900000095367431641 -2.9000000953674316406 -1.5599999427795410156
-1.3999999761581420898 -1.6000000238418579102 -1.4400000572204589844 -1.4400000572204589844 -2.2200000286102294922 -1.7000000476837158203 -1.7100000381469726562 -1.6499999761581420898 -2 -2.2100000381469726562 -2.2100000381469726562 5.430999755859375 7.8709998130798339844 -2.9000000953674316406 -2.9000000953674316406 -2.4900000095367431641 -2.5099999904632568359 -2.4800000190734863281 -2.4800000190734863281 -2.5 -2.6099998950958251953 -2.5899999141693115234 -2.9000000953674316406 -2.6900000572204589844 -2.5599999427795410156 -2.5799999237060546875 -2.5799999237060546875 -2.7400000095367431641 -2.5699999332427978516 -2.4900000095367431641 -2.9000000953674316406 -2.9000000953674316406 -2.9000000953674316406 -2.9000000953674316406 -2.9000000953674316406 -2.6600000858306884766 -2.9000000953674316406 -2.6300001144409179688 -2.9000000953674316406 -2.5899999141693115234 -2.4800000190734863281 -2.4800000190734863281 -2.5599999427795410156 -2.7300000190734863281 -0.68800014257431030273
-1.1400001049041748047 -1.9900000095367431641 -1.7100000381469726562 -1.7100000381469726562 -2.2200000286102294922 -1.4199999570846557617 -1.620000004768371582 -2.9000000953674316406 -2.4900000095367431641 -2.9000000953674316406 -2.9000000953674316406 -2.2300000190734863281 -1.9199999570846557617 -1.8500000238418579102 -2.8299999237060546875 -2.9000000953674316406 -2.1590001583099365234 -2.5599999427795410156 -2.5599999427795410156 -2.6800000667572021484 -2.6400001049041748047 -2.6199998855590820312 -2.9000000953674316406 -2.4400000572204589844 -2.6400001049041748047 -2.4900000095367431641 -2.4900000095367431641 -2.5999999046325683594 -2.4700000286102294922 -2.5799999237060546875 -2.5899999141693115234 -2.5799999237060546875 -2.6199998855590820312 -2.6199998855590820312 -2.5799999237060546875 -2.5 -2.6199998855590820312 -2.6600000858306884766 -2.5699999332427978516 -2.4700000286102294922 -2.4300000667572021484 -2.4300000667572021484 -2.4700000286102294922 -2.5799999237060546875 -2.0599999427795410156
6.8499999046325683594 -2.9000000953674316406 -2.3299999237060546875 -2.3299999237060546875 -2.0799999237060546875 -1.5890001058578491211 -1.9090000391006469727 -1.1499999761581420898 -0.87999999523162841797 -2.1400001049041748047 -2.1400001049041748047 -2.9000000953674316406 -2.3299999237060546875 -2.4800000190734863281 -2.1700000762939453125 -2.9000000953674316406 -2.2599999904632568359 -2.1340000629425048828 -2.1340000629425048828 -2.5599999427795410156 -2.6500000953674316406 -2.6700000762939453125 -2.8099999427795410156 -2.4700000286102294922 -2.5 -2.5 -2.4200000762939453125 -2.5 -2.8599998950958251953 -2.9000000953674316406 -2.9000000953674316406 -2.5999999046325683594 -2.5399999618530273438 -2.5399999618530273438 -2.5999999046325683594 -2.5499999523162841797 -2.9000000953674316406 -2.4800000190734863281 -2.9000000953674316406 -2.5899999141693115234 -2.5599999427795410156 -2.5599999427795410156 -2.4500000476837158203 -2.4300000667572021484 -2.9000000953674316406
-2.5999999046325683594 -1.8400000333786010742 -1.8400000333786010742 -1.6499999761581420898 -2.0599999427795410156 -1.8899999856948852539 -1.8090000152587890625 -2.9000000953674316406 -2.4700000286102294922 -2.3900001049041748047 -2.3900001049041748047 -2.3099999427795410156 -2.9000000953674316406 -2.2999999523162841797 -2.5899999141693115234 -2.9000000953674316406 -2.9000000953674316406 -2.9000000953674316406 -2.9000000953674316406 -2.3699998855590820312 -2.2339999675750732422 -2.3900001049041748047 -2.9000000953674316406 -2.5 -2.5799999237060546875 -2.5799999237060546875 -2.6099998950958251953 -2.5099999904632568359 -2.4800000190734863281 -2.4900000095367431641 -2.6700000762939453125 -2.6900000572204589844 -2.9000000953674316406 -2.9000000953674316406 -2.9000000953674316406 -2.6900000572204589844 -2.5499999523162841797 -2.0999999046325683594 -2.9000000953674316406 -2.3499999046325683594 -2.4500000476837158203 -2.4500000476837158203 -2.6099998950958251953 -2.4300000667572021484 -2.5
-1.3300000429153442383 -2.4100000858306884766 -2.4100000858306884766 -2.0999999046325683594 -2.4000000953674316406 -1.9590001106262207031 -1.0199999809265136719 -2.1099998950958251953 -2 -2.0399999618530273438 -2.0399999618530273438 -1.6399999856948852539 -0.68000000715255737305 -1.6799999475479125977 -2.4500000476837158203 -2.9000000953674316406 -2.9000000953674316406 -2.1199998855590820312 -2.1199998855590820312 -2.9000000953674316406 -2.9000000953674316406 -2.1199998855590820312 -2.6300001144409179688 -2.7799999713897705078 -2.6199998855590820312 -2.6199998855590820312 -2.6500000953674316406 -2.4300000667572021484 -2.6700000762939453125 -2.9000000953674316406 -2.9000000953674316406 -2.9000000953674316406 -2.6300001144409179688 -2.6300001144409179688 -2.5499999523162841797 -2.4600000381469726562 -2.6300001144409179688 -2.2599999904632568359 -2.5 -2.9000000953674316406 -2.6400001049041748047 -2.6400001049041748047 -2.5499999523162841797 -2.4400000572204589844 -2.4300000667572021484
-2.6600000858306884766 -2.1579999923706054688 -2.1579999923706054688 -2.1690001487731933594 -1.6990001201629638672 -2.9000000953674316406 -2.9000000953674316406 -2.5399999618530273438 -1.6290000677108764648 -1.4890000820159912109 -1.4890000820159912109 -1.5890001058578491211 -2.5 -2.6900000572204589844 -2.7000000476837158203 -2.9000000953674316406 -2.9000000953674316406 -2.9000000953674316406 -2.9000000953674316406 -2.2599999904632568359 -2.3599998950958251953 -2.9000000953674316406 -2.6600000858306884766 -2.9000000953674316406 -2.9000000953674316406 -2.9000000953674316406 -2.9000000953674316406 -2.9000000953674316406 -2.4200000762939453125 -2.5899999141693115234 -2.7200000286102294922 -2.5899999141693115234 -2.4000000953674316406 -2.4000000953674316406 -2.4700000286102294922 -2.4600000381469726562 -2.6600000858306884766 -2.8599998950958251953 -2.3139998912811279297 -2.6300001144409179688 -2.6300001144409179688 -2.9000000953674316406 -2.9000000953674316406 -2.5899999141693115234 -2.5699999332427978516
3.3719999790191650391 -1.620000004768371582 -1.620000004768371582 -1.7699999809265136719 -1.6000000238418579102 -1.7899999618530273438 3.3109998703002929688 -2.9000000953674316406 -2.9000000953674316406 -2.9000000953674316406 -2.9000000953674316406 -2.9000000953674316406 -2.4400000572204589844 -2.1900000572204589844 -2.1500000953674316406 -2.2799999713897705078 -2.9000000953674316406 -2.9000000953674316406 -2.9000000953674316406 -2.9000000953674316406 -2.5099999904632568359 -2.9000000953674316406 -2.1440000534057617188 -2.9000000953674316406 -2.75 -2.75 -2.9000000953674316406 -2.9000000953674316406 -2.9000000953674316406 -2.9000000953674316406 -2.7300000190734863281 -2.9000000953674316406 -2.9000000953674316406 -2.9000000953674316406 -2.9000000953674316406 -2.9000000953674316406 -2.7000000476837158203 -2.26399993896484375 -2.6099998950958251953 -2.5299999713897705078 -2.5299999713897705078 -2.9000000953674316406 -2.9000000953674316406 -2.9000000953674316406 -2.6600000858306884766
-1.6499999761581420898 -2.1900000572204589844 -2.1900000572204589844 -2.5999999046325683594 -1.8190001249313354492 -1.9099999666213989258 3.6510000228881835938 -2.1500000953674316406 -2.7890000343322753906 -0.98900008201599121094 -0.98900008201599121094 -1.7200000286102294922 -2.0599999427795410156 -2.9000000953674316406 -2.9000000953674316406 -2.9000000953674316406 -3 -3 -2.9000000953674316406 -2.9000000953674316406 -2.9000000953674316406 -2.9000000953674316406 -2.9000000953674316406 -2.6700000762939453125 -2.6500000953674316406 -2.6500000953674316406 -2.5299999713897705078 -2.75 -2.6300001144409179688 -2.6600000858306884766 -2.5899999141693115234 -2.6199998855590820312 -2.6900000572204589844 -2.6900000572204589844 -2.6600000858306884766 -2.7000000476837158203 -2.6800000667572021484 -2.9000000953674316406 -2.5499999523162841797 -2.9000000953674316406 -2.9000000953674316406 -2.6900000572204589844 -2.9000000953674316406 -2.9000000953674316406 -2.6199998855590820312
