data/demo/waterlevel_60min_40x40m.asc
ncols        561
nrows        278
xllcorner    4.817258165162
yllcorner    52.370746892638
cellsize     0.000511251697
NODATA_value  -9999
[rows 168 to 188 of 278, columns 423 to 469 of 561]
-2.0399999618530273438 -2.0399999618530273438 -2.0399999618530273438 -2.0399999618530273438 -2.0399999618530273438 -2.0399999618530273438 -2.0399999618530273438 -2.0399999618530273438 -2.0399999618530273438 -2.0399999618530273438 -2.0399999618530273438 -2.0399999618530273438 -2.0499999523162841797 -2.0499999523162841797 -2.0499999523162841797 -2.0499999523162841797 -2.0399999618530273438 -2.0399999618530273438 -2.0399999618530273438 -2.0399999618530273438 -2.0399999618530273438 -2.0299999713897705078 -2.0299999713897705078 -2.3040769100189208984 -2.3040947914123535156 -2.3041162490844726562 -2.3041162490844726562 -2.3041174411773681641 -2.3040983676910400391 -2.3040802478790283203 -2.3041250705718994141 -1.5399999618530273438 -1.3462690114974975586 -1.3462690114974975586 -1.3462690114974975586 -1.2795034646987915039 -1.2795034646987915039 -1.2597341537475585938 -1.2597341537475585938 -1.2327748537063598633 -1.231557011604309082 -1.231557011604309082 -1.2318291664123535156 -1.2257630825042724609 -1.1845467090606689453 -1.1845467090606689453 -1.1412628889083862305
-2.0399999618530273438 -2.0399999618530273438 -2.0399999618530273438 -2.0399999618530273438 -2.0399999618530273438 -2.0399999618530273438 -2.0399999618530273438 -2.0399999618530273438 -2.0399999618530273438 -2.0399999618530273438 -2.0399999618530273438 -2.0399999618530273438 -2.0499999523162841797 -2.0499999523162841797 -2.0499999523162841797 -2.0499999523162841797 -2.0399999618530273438 -2.0399999618530273438 -2.0399999618530273438 -2.0399999618530273438 -2.0399999618530273438 -2.0299999713897705078 -2.0299999713897705078 -1.5599999427795410156 -2.3040957450866699219 -2.3041186332702636719 -2.3041186332702636719 -2.3041160106658935547 -2.3041009902954101562 -2.3040835857391357422 -1.5599999427795410156 -1.5599999427795410156 -1.3462690114974975586 -1.3462690114974975586 -1.3462690114974975586 -1.2795034646987915039 -1.2795034646987915039 -1.2597341537475585938 -1.2597341537475585938 -1.2374680042266845703 -1.2290378808975219727 -1.2290378808975219727 -1.2174658775329589844 -1.2122327089309692383 -1.1845467090606689453 -1.1845467090606689453 -1.1412628889083862305
-2.0399999618530273438 -2.0399999618530273438 -2.0399999618530273438 -2.0399999618530273438 -2.0399999618530273438 -2.0399999618530273438 -2.0399999618530273438 -2.0399999618530273438 -2.0399999618530273438 -2.0399999618530273438 -2.0399999618530273438 -2.0399999618530273438 -2.0399999618530273438 -2.0399999618530273438 -2.0399999618530273438 -2.0399999618530273438 -1.9979012012481689453 -1.9979012012481689453 -1.9979012012481689453 -1.9979012012481689453 -1.9979012012481689453 -2.0296006202697753906 -2.0296006202697753906 -2.0286405086517333984 -2.0286405086517333984 -1.5589090585708618164 -1.5589090585708618164 -1.5589090585708618164 -1.5800000429153442383 -1.5800000429153442383 -1.526203155517578125 -1.526203155517578125 -1.3449558019638061523 -1.3449558019638061523 -1.3449558019638061523 -1.2669900655746459961 -1.2669900655746459961 -1.2669900655746459961 -1.2669900655746459961 -1.2270977497100830078 -1.2270977497100830078 -1.2270977497100830078 -1.2025641202926635742 -1.2025641202926635742 -1.141484379768371582 -1.141484379768371582 -1.141484379768371582
-2.0399999618530273438 -2.0399999618530273438 -2.0399999618530273438 -2.0399999618530273438 -2.0399999618530273438 -2.0399999618530273438 -2.0399999618530273438 -2.0399999618530273438 -2.0399999618530273438 -2.0399999618530273438 -2.0399999618530273438 -2.0399999618530273438 -2.0399999618530273438 -2.0399999618530273438 -2.0399999618530273438 -2.0399999618530273438 -1.9979012012481689453 -1.9979012012481689453 -1.9979012012481689453 -1.9979012012481689453 -1.9979012012481689453 -1.5112307071685791016 -1.5112307071685791016 -1.985106348991394043 -1.985106348991394043 -1.5098296403884887695 -1.5098296403884887695 -1.5098296403884887695 -1.490901947021484375 -1.490901947021484375 -1.4073865413665771484 -1.4073865413665771484 -1.3259547948837280273 -1.3259547948837280273 -1.3259547948837280273 -1.2669900655746459961 -1.2669900655746459961 -1.2669900655746459961 -1.2669900655746459961 -1.2217905521392822266 -1.2217905521392822266 -1.2217905521392822266 -1.1903337240219116211 -1.1903337240219116211 -1.141484379768371582 -1.141484379768371582 -1.141484379768371582
-2.0399999618530273438 -2.0399999618530273438 -2.0399999618530273438 -2.0399999618530273438 -2.0399999618530273438 -2.0399999618530273438 -2.0399999618530273438 -2.0399999618530273438 -2.0399999618530273438 -2.0399999618530273438 -2.0399999618530273438 -2.0399999618530273438 -2.0399999618530273438 -2.0399999618530273438 -2.0399999618530273438 -2.0399999618530273438 -1.9979012012481689453 -1.9979012012481689453 -1.9979012012481689453 -1.9979012012481689453 -1.9979012012481689453 -1.5112307071685791016 -1.5112307071685791016 -1.985106348991394043 -1.985106348991394043 -1.5098296403884887695 -1.5098296403884887695 -1.5098296403884887695 -1.490901947021484375 -1.490901947021484375 -1.4073865413665771484 -1.4073865413665771484 -1.3259547948837280273 -1.3259547948837280273 -1.3259547948837280273 -1.2669900655746459961 -1.2669900655746459961 -1.2669900655746459961 -1.2669900655746459961 -1.2217905521392822266 -1.2217905521392822266 -1.2217905521392822266 -1.1903337240219116211 -1.1903337240219116211 -1.141484379768371582 -1.141484379768371582 -1.141484379768371582
-2.0399999618530273438 -2.0399999618530273438 -2.0399999618530273438 -2.0399999618530273438 -2.0399999618530273438 -2.0399999618530273438 -2.0399999618530273438 -2.0399999618530273438 -2.0399999618530273438 -2.0399999618530273438 -2.0399999618530273438 -2.0399999618530273438 -2.0399999618530273438 -2.0399999618530273438 -2.0399999618530273438 -2.0399999618530273438 -1.6890674829483032227 -1.6890674829483032227 -1.6890674829483032227 -1.6890674829483032227 -1.6890674829483032227 -1.4923988580703735352 -1.4923988580703735352 -1.4923988580703735352 -1.4923988580703735352 -1.4566720724105834961 -1.4566720724105834961 -1.4566720724105834961 -1.4566720724105834961 -1.4566720724105834961 -1.3921816349029541016 -1.3921816349029541016 -1.3921816349029541016 -1.3921816349029541016 -1.3921816349029541016 -1.2894331216812133789 -1.2894331216812133789 -1.2894331216812133789 -1.2894331216812133789 -1.2003613710403442383 -1.2003613710403442383 -1.2003613710403442383 -1.2003613710403442383 -1.2003613710403442383 -1.1746091842651367188 -1.1746091842651367188 -1.1746091842651367188
-2.0399999618530273438 -2.0399999618530273438 -2.0399999618530273438 -2.0399999618530273438 -2.0399999618530273438 -2.0399999618530273438 -2.0399999618530273438 -2.0399999618530273438 -2.0399999618530273438 -2.0399999618530273438 -2.0399999618530273438 -2.0399999618530273438 -2.0399999618530273438 -2.0399999618530273438 -2.0399999618530273438 -2.0399999618530273438 -1.6890674829483032227 -1.6890674829483032227 -1.6890674829483032227 -1.6890674829483032227 -1.6890674829483032227 -1.4923988580703735352 -1.4923988580703735352 -1.4923988580703735352 -1.4923988580703735352 -1.4923988580703735352 -1.4566720724105834961 -1.4566720724105834961 -1.4566720724105834961 -1.4566720724105834961 -1.3921816349029541016 -1.3921816349029541016 -1.3921816349029541016 -1.3921816349029541016 -1.3921816349029541016 -1.2894331216812133789 -1.2894331216812133789 -1.2894331216812133789 -1.2894331216812133789 -1.2003613710403442383 -1.2003613710403442383 -1.2003613710403442383 -1.2003613710403442383 -1.2003613710403442383 -1.1746091842651367188 -1.1746091842651367188 -1.1746091842651367188
-2.0399999618530273438 -2.0399999618530273438 -2.0399999618530273438 -2.0399999618530273438 -2.0399999618530273438 -2.0399999618530273438 -2.0399999618530273438 -2.0296521186828613281 -2.0296521186828613281 -2.0296521186828613281 -2.0296521186828613281 -2.0296521186828613281 -1.9826241731643676758 -1.9826241731643676758 -1.9826241731643676758 -1.9826241731643676758 -1.5647439956665039062 -1.5647439956665039062 -1.5647439956665039062 -1.5647439956665039062 -1.5647439956665039062 -1.4426684379577636719 -1.4426684379577636719 -1.4426684379577636719 -1.4426684379577636719 -1.4426684379577636719 -1.4426684379577636719 -1.4426684379577636719 -1.4426684379577636719 -1.4426684379577636719 -1.3220493793487548828 -1.3220493793487548828 -1.3220493793487548828 -1.3220493793487548828 -1.3220493793487548828 -1.3220493793487548828 -1.3220493793487548828 -1.3220493793487548828 -1.3220493793487548828 -1.218487858772277832 -1.218487858772277832 -1.218487858772277832 -1.218487858772277832 -1.218487858772277832 -1.218487858772277832 -1.218487858772277832 -1.218487858772277832
-2.0399999618530273438 -2.0399999618530273438 -2.0399999618530273438 -2.0399999618530273438 -2.0399999618530273438 -2.0399999618530273438 -2.0399999618530273438 -2.0296521186828613281 -2.0296521186828613281 -2.0296521186828613281 -2.0296521186828613281 -2.0296521186828613281 -1.9826241731643676758 -1.9826241731643676758 -1.9826241731643676758 -1.9826241731643676758 -1.5647439956665039062 -1.5647439956665039062 -1.5647439956665039062 -1.5647439956665039062 -1.5647439956665039062 -1.4426684379577636719 -1.4426684379577636719 -1.4426684379577636719 -1.4426684379577636719 -1.4426684379577636719 -1.4426684379577636719 -1.4426684379577636719 -1.4426684379577636719 -1.4426684379577636719 -1.3220493793487548828 -1.3220493793487548828 -1.3220493793487548828 -1.3220493793487548828 -1.3220493793487548828 -1.3220493793487548828 -1.3220493793487548828 -1.3220493793487548828 -1.3220493793487548828 -1.218487858772277832 -1.218487858772277832 -1.218487858772277832 -1.218487858772277832 -1.218487858772277832 -1.218487858772277832 -1.218487858772277832 -1.218487858772277832
-2.0399999618530273438 -2.0399999618530273438 -2.0399999618530273438 -2.0399999618530273438 -2.0399999618530273438 -2.0399999618530273438 -2.0399999618530273438 -2.0296521186828613281 -2.0296521186828613281 -2.0296521186828613281 -2.0296521186828613281 -2.0296521186828613281 -1.9826241731643676758 -1.9826241731643676758 -1.9826241731643676758 -1.9826241731643676758 -1.5647439956665039062 -1.5647439956665039062 -1.5647439956665039062 -1.5647439956665039062 -1.5647439956665039062 -1.4426684379577636719 -1.4426684379577636719 -1.4426684379577636719 -1.4426684379577636719 -1.4426684379577636719 -1.4426684379577636719 -1.4426684379577636719 -1.4426684379577636719 -1.4426684379577636719 -1.3220493793487548828 -1.3220493793487548828 -1.3220493793487548828 -1.3220493793487548828 -1.3220493793487548828 -1.3220493793487548828 -1.3220493793487548828 -1.3220493793487548828 -1.3220493793487548828 -1.218487858772277832 -1.218487858772277832 -1.218487858772277832 -1.218487858772277832 -1.218487858772277832 -1.218487858772277832 -1.218487858772277832 -1.218487858772277832
-2.0399999618530273438 -2.0399999618530273438 -2.0399999618530273438 -2.0299999713897705078 -2.0299999713897705078 -2.0299999713897705078 -2.0299999713897705078 -2.0299999713897705078 -2.0299999713897705078 -2.0299999713897705078 -2.0299999713897705078 -2.0299999713897705078 -2.0299999713897705078 -2.0299999713897705078 -2.0299999713897705078 -2.0299999713897705078 -1.5993996858596801758 -1.5993996858596801758 -1.5993996858596801758 -1.5993996858596801758 -1.5993996858596801758 -1.4426684379577636719 -1.4426684379577636719 -1.4426684379577636719 -1.4426684379577636719 -1.4426684379577636719 -1.4426684379577636719 -1.4426684379577636719 -1.4426684379577636719 -1.4426684379577636719 -1.3220493793487548828 -1.3220493793487548828 -1.3220493793487548828 -1.3220493793487548828 -1.3220493793487548828 -1.3220493793487548828 -1.3220493793487548828 -1.3220493793487548828 -1.3220493793487548828 -1.218487858772277832 -1.218487858772277832 -1.218487858772277832 -1.218487858772277832 -1.218487858772277832 -1.218487858772277832 -1.218487858772277832 -1.218487858772277832
-2.0399999618530273438 -2.0399999618530273438 -2.0399999618530273438 -2.0299999713897705078 -2.0299999713897705078 -2.0299999713897705078 -2.0299999713897705078 -2.0299999713897705078 -2.0299999713897705078 -2.0299999713897705078 -2.0299999713897705078 -2.0299999713897705078 -2.0299999713897705078 -2.0299999713897705078 -2.0299999713897705078 -2.0299999713897705078 -1.5993996858596801758 -1.5993996858596801758 -1.5993996858596801758 -1.5993996858596801758 -1.5993996858596801758 -1.4426684379577636719 -1.4426684379577636719 -1.4426684379577636719 -1.4426684379577636719 -1.4426684379577636719 -1.4426684379577636719 -1.4426684379577636719 -1.4426684379577636719 -1.4426684379577636719 -1.3220493793487548828 -1.3220493793487548828 -1.3220493793487548828 -1.3220493793487548828 -1.3220493793487548828 -1.3220493793487548828 -1.3220493793487548828 -1.3220493793487548828 -1.3220493793487548828 -1.218487858772277832 -1.218487858772277832 -1.218487858772277832 -1.218487858772277832 -1.218487858772277832 -1.218487858772277832 -1.218487858772277832 -1.218487858772277832
-2.0399999618530273438 -2.0399999618530273438 -2.0399999618530273438 -1.620000004768371582 -1.620000004768371582 -1.6900000572204589844 -1.6900000572204589844 -2.0299999713897705078 -2.0299999713897705078 -2.0299999713897705078 -2.0299999713897705078 -2.0299999713897705078 -2.0299999713897705078 -2.0299999713897705078 -2.0299999713897705078 -2.0299999713897705078 -1.5993996858596801758 -1.5993996858596801758 -1.5993996858596801758 -1.5993996858596801758 -1.5993996858596801758 -1.4426684379577636719 -1.4426684379577636719 -1.4426684379577636719 -1.4426684379577636719 -1.4426684379577636719 -1.4426684379577636719 -1.4426684379577636719 -1.4426684379577636719 -1.4426684379577636719 -1.3220493793487548828 -1.3220493793487548828 -1.3220493793487548828 -1.3220493793487548828 -1.3220493793487548828 -1.3220493793487548828 -1.3220493793487548828 -1.3220493793487548828 -1.3220493793487548828 -1.218487858772277832 -1.218487858772277832 -1.218487858772277832 -1.218487858772277832 -1.218487858772277832 -1.218487858772277832 -1.218487858772277832 -1.218487858772277832
-1.629999995231628418 -1.629999995231628418 -1.629999995231628418 -1.5700000524520874023 -1.5700000524520874023 -1.6499999761581420898 -1.6599999666213989258 -2.0299999713897705078 -1.6799999475479125977 -2.0299999713897705078 -2.0299999713897705078 -2.0299999713897705078 -2.0299999713897705078 -2.0299999713897705078 -1.8999999761581420898 -1.8999999761581420898 -1.9637790918350219727 -1.9637790918350219727 -1.9637790918350219727 -1.9637790918350219727 -1.9637790918350219727 -1.4844471216201782227 -1.4844471216201782227 -1.4844471216201782227 -1.4844471216201782227 -1.4844471216201782227 -1.4245700836181640625 -1.4245700836181640625 -1.4245700836181640625 -1.4245700836181640625 -1.3516935110092163086 -1.3516935110092163086 -1.3516935110092163086 -1.3516935110092163086 -1.3516935110092163086 -1.3227663040161132812 -1.3227663040161132812 -1.3227663040161132812 -1.3227663040161132812 -1.279666900634765625 -1.279666900634765625 -1.279666900634765625 -1.279666900634765625 -1.279666900634765625 -1.2612031698226928711 -1.2612031698226928711 -1.2612031698226928711
-1.629999995231628418 -1.629999995231628418 -1.629999995231628418 -1.5700000524520874023 -1.5700000524520874023 -1.6172331571578979492 -1.6184381246566772461 -1.6169224977493286133 -2.0299999713897705078 -2.0299999713897705078 -1.6212732791900634766 -1.6210645437240600586 -1.6208032369613647461 -1.6399999856948852539 -2.0299999713897705078 -2.0299999713897705078 -1.9637790918350219727 -1.9637790918350219727 -1.9637790918350219727 -1.9637790918350219727 -1.9637790918350219727 -1.4844471216201782227 -1.4844471216201782227 -1.4844471216201782227 -1.4844471216201782227 -1.4844471216201782227 -1.4245700836181640625 -1.4245700836181640625 -1.4245700836181640625 -1.4245700836181640625 -1.3516935110092163086 -1.3516935110092163086 -1.3516935110092163086 -1.3516935110092163086 -1.3516935110092163086 -1.3227663040161132812 -1.3227663040161132812 -1.3227663040161132812 -1.3227663040161132812 -1.279666900634765625 -1.279666900634765625 -1.279666900634765625 -1.279666900634765625 -1.279666900634765625 -1.2612031698226928711 -1.2612031698226928711 -1.2612031698226928711
-1.5599999427795410156 -1.6133143901824951172 -1.6133143901824951172 -1.6134511232376098633 -1.6143891811370849609 -1.6166188716888427734 -1.6200504302978515625 -1.6213072538375854492 -1.6213124990463256836 -1.6213972568511962891 -1.6213972568511962891 -1.6211583614349365234 -1.6209728717803955078 -1.5800000429153442383 -2.0299999713897705078 -2.0299999713897705078 -1.9637790918350219727 -1.9637790918350219727 -1.9637790918350219727 -1.9637790918350219727 -1.9637790918350219727 -1.4844471216201782227 -1.4844471216201782227 -1.4844471216201782227 -1.4844471216201782227 -1.4844471216201782227 -1.4245700836181640625 -1.4245700836181640625 -1.4245700836181640625 -1.4245700836181640625 -1.3516935110092163086 -1.3516935110092163086 -1.3516935110092163086 -1.3516935110092163086 -1.3516935110092163086 -1.3227663040161132812 -1.3227663040161132812 -1.3227663040161132812 -1.3227663040161132812 -1.279666900634765625 -1.279666900634765625 -1.279666900634765625 -1.279666900634765625 -1.279666900634765625 -1.2612031698226928711 -1.2612031698226928711 -1.2612031698226928711
-1.6153241395950317383 -1.6146452426910400391 -1.6146452426910400391 -1.6165103912353515625 -1.6165103912353515625 -1.614846348762512207 -1.614846348762512207 -1.6215002536773681641 -1.6215002536773681641 -1.6223315000534057617 -1.6223315000534057617 -1.6214544773101806641 -1.6206736564636230469 -1.5 -1.620000004768371582 -1.620000004768371582 -1.4897696971893310547 -1.4897696971893310547 -1.4897696971893310547 -2.0294663906097412109 -2.0294663906097412109 -1.5113588571548461914 -1.5113588571548461914 -1.5635633468627929688 -1.5635633468627929688 -1.5635633468627929688 -1.6625305414199829102 -1.6625305414199829102 -1.4018448591232299805 -1.4018448591232299805 -1.3716024160385131836 -1.3716024160385131836 -1.3716024160385131836 -1.3716024160385131836 -1.3716024160385131836 -1.3524394035339355469 -1.3524394035339355469 -1.3524394035339355469 -1.3524394035339355469 -1.3180360794067382812 -1.3180360794067382812 -1.3180360794067382812 -1.3065162897109985352 -1.3065162897109985352 -1.295966029167175293 -1.295966029167175293 -1.3017759323120117188
-1.620314478874206543 -1.620314478874206543 -1.620314478874206543 -1.6205474138259887695 -1.624530792236328125 -1.6279510259628295898 -1.6158012151718139648 -1.6152001619338989258 -1.6045624017715454102 -1.6196495294570922852 -1.6196495294570922852 -1.6233246326446533203 -1.5299999713897705078 -1.4400000572204589844 -1.4400000572204589844 -1.5499999523162841797 -1.4982883930206298828 -1.4982883930206298828 -1.4846700429916381836 -2.0299999713897705078 -1.9199999570846557617 -1.5119528770446777344 -2.0299999713897705078 -1.5756853818893432617 -1.5756853818893432617 -1.5756853818893432617 -1.6649072170257568359 -1.6649072170257568359 -1.3940031528472900391 -1.3940031528472900391 -1.3716024160385131836 -1.3716024160385131836 -1.3716024160385131836 -1.3716024160385131836 -1.3716024160385131836 -1.3524394035339355469 -1.3524394035339355469 -1.3524394035339355469 -1.3524394035339355469 -1.3454819917678833008 -1.3454819917678833008 -1.3454819917678833008 -1.336893916130065918 -1.336893916130065918 -1.3184731006622314453 -1.3350164890289306641 -1.3518575429916381836
-1.620314478874206543 -1.620314478874206543 -1.620314478874206543 -1.623952031135559082 -1.6281030178070068359 -1.6556028127670288086 -1.6132169961929321289 -1.6139461994171142578 -1.6224255561828613281 -1.6117404699325561523 -1.6117404699325561523 -1.5894693136215209961 -1.5500787496566772461 -1.5722475051879882812 -1.4794992208480834961 -1.4722104072570800781 -1.469559788703918457 -1.469559788703918457 -1.4750790596008300781 -1.4678744077682495117 -1.8272393941879272461 -1.6599999666213989258 -1.9880018234252929688 -1.5756853818893432617 -1.5756853818893432617 -1.5756853818893432617 -1.6649072170257568359 -1.6649072170257568359 -1.3940031528472900391 -1.3940031528472900391 -1.3716024160385131836 -1.3716024160385131836 -1.3716024160385131836 -1.3716024160385131836 -1.3716024160385131836 -1.3524394035339355469 -1.3524394035339355469 -1.3524394035339355469 -1.3524394035339355469 -1.3454819917678833008 -1.3454819917678833008 -1.3454819917678833008 -1.336893916130065918 -1.336893916130065918 -1.4064251184463500977 -1.4034812450408935547 -1.399647831916809082
-1.6241958141326904297 -1.6241958141326904297 -1.6241958141326904297 -1.6244176626205444336 -1.5599999427795410156 -1.5900000333786010742 -1.5900000333786010742 -1.5800000429153442383 -1.5800000429153442383 -1.5800000429153442383 -1.5599999427795410156 -1.5099999904632568359 -1.5414659976959228516 -1.5208117961883544922 -1.4907735586166381836 -1.4767978191375732422 -1.4694827795028686523 -1.4694827795028686523 -1.4694827795028686523 -1.4674640893936157227 -1.4674640893936157227 -1.443318486213684082 -1.4369074106216430664 -1.4356737136840820312 -1.4330370426177978516 -1.4330370426177978516 -1.4501587152481079102 -1.8116652965545654297 -1.6351339817047119141 -1.6351339817047119141 -1.3908922672271728516 -1.3908922672271728516 -1.3908922672271728516 -1.386745452880859375 -1.386745452880859375 -1.3812706470489501953 -1.3812706470489501953 -1.403284907341003418 -1.403284907341003418 -1.4162147045135498047 -1.4162147045135498047 -1.4128434658050537109 -1.4128117561340332031 -1.4061180353164672852 -1.4048793315887451172 -1.4037649631500244141 -1.4005323648452758789
-1.62624359130859375 -1.624383091926574707 -1.624383091926574707 -1.6243481636047363281 -1.5599999427795410156 -1.5800000429153442383 -1.5800000429153442383 -1.5599999427795410156 -1.5599999427795410156 -1.5599999427795410156 -1.5599999427795410156 -1.5599999427795410156 -1.5599999427795410156 -1.5599999427795410156 -1.4917368888854980469 -1.4715977907180786133 -1.4710603952407836914 -1.4710603952407836914 -1.4764766693115234375 -1.4671157598495483398 -1.4531596899032592773 -1.4374173879623413086 -1.4374173879623413086 -1.4327179193496704102 -1.4327179193496704102 -1.4327179193496704102 -1.43096923828125 -1.433919072151184082 -1.5968089103698730469 -1.4959212541580200195 -1.4141411781311035156 -1.420189976692199707 -1.420189976692199707 -1.4226795434951782227 -1.4158332347869873047 -1.4165254831314086914 -1.4170248508453369141 -1.419297337532043457 -1.4169956445693969727 -1.4204982519149780273 -1.4204982519149780273 -1.4188249111175537109 -1.4111721515655517578 -1.4111721515655517578 -1.4073110818862915039 -1.4073110818862915039 -1.4036607742309570312
