data/demo/waterlevel_240min_40x40m.asc
ncols        561
nrows        278
xllcorner    4.817258165162
yllcorner    52.370746892638
cellsize     0.000511251697
NODATA_value  -9999
[rows 231 to 251 of 278, columns 235 to 281 of 561]
-4.8000001907348632812 -4.8000001907348632812 -4.8000001907348632812 -4.8000001907348632812 -4.8000001907348632812 -1.4600000381469726562 -1.4600000381469726562 -2.0099999904632568359 -2.0099999904632568359 -1.4600000381469726562 -1.4600000381469726562 -1.4600000381469726562 -1.4600000381469726562 -1.4600000381469726562 -1.4600000381469726562 -1.4600000381469726562 -1.4700000286102294922 -1.4700000286102294922 -1.4700000286102294922 -1.4700000286102294922 -1.4700000286102294922 -1.4600000381469726562 -1.4600000381469726562 -1.4600000381469726562 -1.4600000381469726562 -0.56000000238418579102 -0.56000000238418579102 -0.56000000238418579102 -0.56000000238418579102 -0.56000000238418579102 -0.88999998569488525391 -0.88999998569488525391 -0.88999998569488525391 -0.88999998569488525391 -0.88999998569488525391 -1.379999995231628418 -1.379999995231628418 -1.379999995231628418 -1.379999995231628418 -0.76999998092651367188 -0.76999998092651367188 -0.76999998092651367188 -0.76999998092651367188 -0.76999998092651367188 -1.4800000190734863281 -1.4800000190734863281 -1.4800000190734863281
-1.4600000381469726562 -1.4600000381469726562 -0.69999998807907104492 -0.69999998807907104492 -0.69999998807907104492 -0.69999998807907104492 -0.69999998807907104492 -1.4600000381469726562 -1.4600000381469726562 -1.4600000381469726562 -1.4600000381469726562 -1.4600000381469726562 -1.4600000381469726562 -1.4600000381469726562 -1.4600000381469726562 -1.4600000381469726562 -1.4600000381469726562 -1.4600000381469726562 -1.4600000381469726562 -1.4600000381469726562 -1.4600000381469726562 -0.52999997138977050781 -0.52999997138977050781 -0.52999997138977050781 -0.52999997138977050781 -1.4600000381469726562 -1.4600000381469726562 -1.4600000381469726562 -1.4600000381469726562 -1.4600000381469726562 -1.4600000381469726562 -1.4600000381469726562 -1.4600000381469726562 -1.4600000381469726562 -1.4600000381469726562 -1.0399999618530273438 -1.0399999618530273438 -1.0399999618530273438 -1.0399999618530273438 -1.0399999618530273438 -1.0399999618530273438 -1.0399999618530273438 -1.0399999618530273438 -1.0399999618530273438 -1.5099999904632568359 -1.5099999904632568359 -1.5099999904632568359
-1.4600000381469726562 -1.4600000381469726562 -0.69999998807907104492 -0.69999998807907104492 -0.69999998807907104492 -0.69999998807907104492 -0.69999998807907104492 -1.4600000381469726562 -1.4600000381469726562 -1.4600000381469726562 -1.4600000381469726562 -1.4600000381469726562 -1.4600000381469726562 -1.4600000381469726562 -1.4600000381469726562 -1.4600000381469726562 -1.4600000381469726562 -1.4600000381469726562 -1.4600000381469726562 -1.4600000381469726562 -1.4600000381469726562 -0.52999997138977050781 -0.52999997138977050781 -0.52999997138977050781 -0.52999997138977050781 -1.4600000381469726562 -1.4600000381469726562 -1.4600000381469726562 -1.4600000381469726562 -1.4600000381469726562 -1.4600000381469726562 -1.4600000381469726562 -1.4600000381469726562 -1.4600000381469726562 -1.4600000381469726562 -1.0399999618530273438 -1.0399999618530273438 -1.0399999618530273438 -1.0399999618530273438 -1.0399999618530273438 -1.0399999618530273438 -1.0399999618530273438 -1.0399999618530273438 -1.0399999618530273438 -1.5099999904632568359 -1.5099999904632568359 -1.5099999904632568359
-0.56000000238418579102 -0.56000000238418579102 -0.69999998807907104492 -0.69999998807907104492 -0.69999998807907104492 -0.69999998807907104492 -0.69999998807907104492 -0.80000001192092895508 -0.80000001192092895508 -0.87999999523162841797 -0.87999999523162841797 -0.87999999523162841797 -1.4600000381469726562 -1.4600000381469726562 -1.4600000381469726562 -1.4600000381469726562 -1.4600000381469726562 -1.4600000381469726562 -1.4600000381469726562 -1.4600000381469726562 -1.4600000381469726562 -0.52999997138977050781 -0.52999997138977050781 -0.52999997138977050781 -0.52999997138977050781 -1.4600000381469726562 -1.4600000381469726562 -1.4600000381469726562 -1.4600000381469726562 -1.4600000381469726562 -1.4600000381469726562 -1.4600000381469726562 -1.4600000381469726562 -1.4600000381469726562 -1.4600000381469726562 -1.0399999618530273438 -1.0399999618530273438 -1.0399999618530273438 -1.0399999618530273438 -1.0399999618530273438 -1.0399999618530273438 -1.0399999618530273438 -1.0399999618530273438 -1.0399999618530273438 -1.5099999904632568359 -1.5099999904632568359 -1.5099999904632568359
-1.4600000381469726562 -1.4600000381469726562 -1.379999995231628418 -1.379999995231628418 -1.379999995231628418 -1.379999995231628418 -1.379999995231628418 -0.79000002145767211914 -0.79000002145767211914 -0.79000002145767211914 -0.79000002145767211914 -0.79000002145767211914 -1.1100000143051147461 -1.1100000143051147461 -1.1100000143051147461 -1.1100000143051147461 -1.4600000381469726562 -1.4600000381469726562 -1.4600000381469726562 -1.4600000381469726562 -1.4600000381469726562 -1.4600000381469726562 -1.4600000381469726562 -1.4600000381469726562 -1.4600000381469726562 -1.4600000381469726562 -1.4600000381469726562 -1.4600000381469726562 -1.4600000381469726562 -1.4600000381469726562 -1.4600000381469726562 -1.4600000381469726562 -1.4600000381469726562 -1.4600000381469726562 -1.4600000381469726562 -1.0399999618530273438 -1.0399999618530273438 -1.0399999618530273438 -1.0399999618530273438 -1.0399999618530273438 -1.0399999618530273438 -1.0399999618530273438 -1.0399999618530273438 -1.0399999618530273438 -0.69999998807907104492 -0.69999998807907104492 -0.69999998807907104492
-1.4600000381469726562 -1.4600000381469726562 -1.379999995231628418 -1.379999995231628418 -1.379999995231628418 -1.379999995231628418 -1.379999995231628418 -0.79000002145767211914 -0.79000002145767211914 -0.79000002145767211914 -0.79000002145767211914 -0.79000002145767211914 -1.1100000143051147461 -1.1100000143051147461 -1.1100000143051147461 -1.1100000143051147461 -1.4600000381469726562 -1.4600000381469726562 -1.4600000381469726562 -1.4600000381469726562 -1.4600000381469726562 -1.4600000381469726562 -1.4600000381469726562 -1.4600000381469726562 -1.4600000381469726562 -1.4600000381469726562 -1.4600000381469726562 -1.4600000381469726562 -1.4600000381469726562 -1.4600000381469726562 -1.4600000381469726562 -1.4600000381469726562 -1.4600000381469726562 -1.4600000381469726562 -1.4600000381469726562 -1.0399999618530273438 -1.0399999618530273438 -1.0399999618530273438 -1.0399999618530273438 -1.0399999618530273438 -1.0399999618530273438 -1.0399999618530273438 -1.0399999618530273438 -1.0399999618530273438 -0.69999998807907104492 -0.69999998807907104492 -0.69999998807907104492
-1.4600000381469726562 -1.4600000381469726562 -1.4600000381469726562 -1.379999995231628418 -1.379999995231628418 -1.379999995231628418 -1.379999995231628418 -0.79000002145767211914 -0.79000002145767211914 -0.79000002145767211914 -0.79000002145767211914 -0.79000002145767211914 -1.1100000143051147461 -1.1100000143051147461 -1.1100000143051147461 -1.1100000143051147461 -1.4600000381469726562 -1.4600000381469726562 -1.4600000381469726562 -1.4600000381469726562 -1.4600000381469726562 -1.4600000381469726562 -1.4600000381469726562 -1.4600000381469726562 -1.4600000381469726562 -1.4600000381469726562 -1.4600000381469726562 -1.4600000381469726562 -1.4600000381469726562 -1.4600000381469726562 -1.4600000381469726562 -1.4600000381469726562 -1.4600000381469726562 -1.4600000381469726562 -1.4600000381469726562 -1.0399999618530273438 -1.0399999618530273438 -1.0399999618530273438 -1.0399999618530273438 -1.0399999618530273438 -1.0399999618530273438 -1.0399999618530273438 -1.0399999618530273438 -1.0399999618530273438 -0.69999998807907104492 -0.69999998807907104492 -0.69999998807907104492
-0.20000000298023223877 -0.20000000298023223877 -0.20000000298023223877 -0.20000000298023223877 -0.20000000298023223877 -0.54000002145767211914 -0.54000002145767211914 -0.82999998331069946289 -0.82999998331069946289 -0.80000001192092895508 -0.80000001192092895508 -0.80000001192092895508 -1.0800000429153442383 -1.0800000429153442383 -1.0800000429153442383 -1.0800000429153442383 -0.69999998807907104492 -0.69999998807907104492 -0.69999998807907104492 -0.69999998807907104492 -0.69999998807907104492 -0.72000002861022949219 -0.72000002861022949219 -0.72000002861022949219 -0.72000002861022949219 -0.72000002861022949219 -1.5099999904632568359 -1.5099999904632568359 -1.5099999904632568359 -1.5099999904632568359 -1.5099999904632568359 -1.5099999904632568359 -1.5099999904632568359 -1.5099999904632568359 -1.5099999904632568359 -0.97000002861022949219 -0.97000002861022949219 -0.97000002861022949219 -0.97000002861022949219 -0.93999999761581420898 -0.93999999761581420898 -0.93999999761581420898 -0.93999999761581420898 -0.93999999761581420898 -1.4600000381469726562 -1.4600000381469726562 -1.4600000381469726562
-0.31999999284744262695 -0.31999999284744262695 -0.31999999284744262695 -0.20000000298023223877 -0.20000000298023223877 -0.20000000298023223877 -0.20000000298023223877 -1.2000000476837158203 -1.2000000476837158203 -0.92000001668930053711 -0.92000001668930053711 -0.92000001668930053711 -1.0800000429153442383 -1.0800000429153442383 -1.0800000429153442383 -1.0800000429153442383 -0.69999998807907104492 -0.69999998807907104492 -0.69999998807907104492 -0.69999998807907104492 -0.69999998807907104492 -0.72000002861022949219 -0.72000002861022949219 -0.72000002861022949219 -0.72000002861022949219 -0.72000002861022949219 -1.5099999904632568359 -1.5099999904632568359 -1.5099999904632568359 -1.5099999904632568359 -1.5099999904632568359 -1.5099999904632568359 -1.5099999904632568359 -1.5099999904632568359 -1.5099999904632568359 -0.97000002861022949219 -0.97000002861022949219 -0.97000002861022949219 -0.97000002861022949219 -0.93999999761581420898 -0.93999999761581420898 -0.93999999761581420898 -0.93999999761581420898 -0.93999999761581420898 -1.4600000381469726562 -1.4600000381469726562 -1.4600000381469726562
-0.31999999284744262695 -0.31999999284744262695 -0.31999999284744262695 -0.20000000298023223877 -0.20000000298023223877 -0.20000000298023223877 -0.20000000298023223877 -1.2000000476837158203 -1.2000000476837158203 -0.92000001668930053711 -0.92000001668930053711 -0.92000001668930053711 -1.0800000429153442383 -1.0800000429153442383 -1.0800000429153442383 -1.0800000429153442383 -0.69999998807907104492 -0.69999998807907104492 -0.69999998807907104492 -0.69999998807907104492 -0.69999998807907104492 -0.72000002861022949219 -0.72000002861022949219 -0.72000002861022949219 -0.72000002861022949219 -0.72000002861022949219 -1.5099999904632568359 -1.5099999904632568359 -1.5099999904632568359 -1.5099999904632568359 -1.5099999904632568359 -1.5099999904632568359 -1.5099999904632568359 -1.5099999904632568359 -1.5099999904632568359 -0.97000002861022949219 -0.97000002861022949219 -0.97000002861022949219 -0.97000002861022949219 -0.93999999761581420898 -0.93999999761581420898 -0.93999999761581420898 -0.93999999761581420898 -0.93999999761581420898 -1.4600000381469726562 -1.4600000381469726562 -1.4600000381469726562
-0.40000000596046447754 -0.40000000596046447754 -0.40000000596046447754 -1.4500000476837158203 -1.4500000476837158203 -1.4500000476837158203 -1.4500000476837158203 -1.4500000476837158203 -1.4500000476837158203 -1.4500000476837158203 -1.4500000476837158203 -1.4500000476837158203 -0.85000002384185791016 -0.85000002384185791016 -0.57999998331069946289 -0.57999998331069946289 -0.60000002384185791016 -0.60000002384185791016 -0.60000002384185791016 -0.60000002384185791016 -0.60000002384185791016 -0.81000000238418579102 -0.81000000238418579102 -0.81000000238418579102 -0.81000000238418579102 -0.81000000238418579102 -1.5099999904632568359 -1.5099999904632568359 -1.5099999904632568359 -1.5099999904632568359 -1.5099999904632568359 -1.5099999904632568359 -1.5099999904632568359 -1.5099999904632568359 -1.5099999904632568359 -1.4600000381469726562 -1.4600000381469726562 -1.4600000381469726562 -1.4600000381469726562 -1.6699999570846557617 -1.6699999570846557617 -1.6699999570846557617 -1.6699999570846557617 -1.6699999570846557617 -1.4600000381469726562 -1.4600000381469726562 -1.4600000381469726562
-0.40000000596046447754 -0.40000000596046447754 -0.40000000596046447754 -1.4500000476837158203 -1.4500000476837158203 -1.4500000476837158203 -1.4500000476837158203 -0.51999998092651367188 -0.51999998092651367188 -0.51999998092651367188 -0.51999998092651367188 -0.51999998092651367188 -0.51999998092651367188 -0.51999998092651367188 -0.54000002145767211914 -0.54000002145767211914 -0.60000002384185791016 -0.60000002384185791016 -0.60000002384185791016 -0.60000002384185791016 -0.60000002384185791016 -0.81000000238418579102 -0.81000000238418579102 -0.81000000238418579102 -0.81000000238418579102 -0.81000000238418579102 -1.5099999904632568359 -1.5099999904632568359 -1.5099999904632568359 -1.5099999904632568359 -1.5099999904632568359 -1.5099999904632568359 -1.5099999904632568359 -1.5099999904632568359 -1.5099999904632568359 -1.4600000381469726562 -1.4600000381469726562 -1.4600000381469726562 -1.4600000381469726562 -1.6699999570846557617 -1.6699999570846557617 -1.6699999570846557617 -1.6699999570846557617 -1.6699999570846557617 -1.0599999427795410156 -1.0599999427795410156 -1.5599999427795410156
-0.40000000596046447754 -0.40000000596046447754 -0.40000000596046447754 -1.4500000476837158203 -1.4500000476837158203 -1.4500000476837158203 -1.4500000476837158203 -0.51999998092651367188 -0.51999998092651367188 -0.51999998092651367188 -0.51999998092651367188 -0.51999998092651367188 -0.51999998092651367188 -0.51999998092651367188 -0.54000002145767211914 -0.54000002145767211914 -0.60000002384185791016 -0.60000002384185791016 -0.60000002384185791016 -0.60000002384185791016 -0.60000002384185791016 -0.81000000238418579102 -0.81000000238418579102 -0.81000000238418579102 -0.81000000238418579102 -0.81000000238418579102 -1.5099999904632568359 -1.5099999904632568359 -1.5099999904632568359 -1.4600000381469726562 -1.5099999904632568359 -1.5099999904632568359 -1.5099999904632568359 -1.5099999904632568359 -1.5099999904632568359 -1.5599999427795410156 -1.5599999427795410156 -1.5599999427795410156 -1.5599999427795410156 -1.5599999427795410156 -1.5599999427795410156 -1.5599999427795410156 -1.5599999427795410156 -1.5599999427795410156 -1.5599999427795410156 -1.5599999427795410156 -1.5599999427795410156
-0.51999998092651367188 -0.51999998092651367188 -0.51999998092651367188 -0.51999998092651367188 -0.51999998092651367188 -0.51999998092651367188 -0.51999998092651367188 -0.51999998092651367188 -0.51999998092651367188 -0.51999998092651367188 -0.51999998092651367188 -0.51999998092651367188 -0.51999998092651367188 -0.51999998092651367188 -0.51999998092651367188 -0.51999998092651367188 -0.77999997138977050781 -0.77999997138977050781 -0.77999997138977050781 -0.61000001430511474609 -0.61000001430511474609 -1.4600000381469726562 -1.4600000381469726562 -1.4600000381469726562 -1.4600000381469726562 -1.4600000381469726562 -1.4600000381469726562 -1.4600000381469726562 -1.4600000381469726562 -1.4600000381469726562 -1.5099999904632568359 -1.5099999904632568359 -1.5099999904632568359 -1.5099999904632568359 -1.5099999904632568359 -1.5599999427795410156 -1.5599999427795410156 -1.5599999427795410156 -1.5599999427795410156 -1.5599999427795410156 -1.5599999427795410156 -1.5599999427795410156 -1.5599999427795410156 -1.5599999427795410156 -1.5599999427795410156 -1.5599999427795410156 -1.5599999427795410156
-0.51999998092651367188 -0.51999998092651367188 -0.51999998092651367188 -0.51999998092651367188 -0.51999998092651367188 -0.51999998092651367188 -0.51999998092651367188 -0.51999998092651367188 -0.51999998092651367188 -0.51999998092651367188 -0.51999998092651367188 -0.51999998092651367188 -0.51999998092651367188 -0.51999998092651367188 -0.51999998092651367188 -0.51999998092651367188 -0.76999998092651367188 -0.76999998092651367188 -0.76999998092651367188 -0.80000001192092895508 -0.80000001192092895508 -1.4600000381469726562 -1.4600000381469726562 -1.4600000381469726562 -1.4600000381469726562 -1.4600000381469726562 -1.4600000381469726562 -1.4600000381469726562 -1.4600000381469726562 -1.4600000381469726562 -1.5099999904632568359 -1.5099999904632568359 -1.5099999904632568359 -1.5099999904632568359 -1.5099999904632568359 -1.5599999427795410156 -1.5599999427795410156 -1.5599999427795410156 -1.5599999427795410156 -1.5599999427795410156 -1.5599999427795410156 -1.5599999427795410156 -1.5599999427795410156 -1.5599999427795410156 -1.5599999427795410156 -1.5599999427795410156 -1.5599999427795410156
-0.51999998092651367188 -0.51999998092651367188 -0.51999998092651367188 -0.51999998092651367188 -0.51999998092651367188 -0.51999998092651367188 -0.51999998092651367188 -0.51999998092651367188 -0.51999998092651367188 -0.51999998092651367188 -0.51999998092651367188 -0.51999998092651367188 -0.51999998092651367188 -0.51999998092651367188 -0.51999998092651367188 -0.51999998092651367188 -0.40999999642372131348 -0.40999999642372131348 -0.40999999642372131348 -1.4600000381469726562 -1.4600000381469726562 -0.80000001192092895508 -0.80000001192092895508 -1.4600000381469726562 -1.4600000381469726562 -1.4600000381469726562 -1.4600000381469726562 -1.4600000381469726562 -1.4600000381469726562 -1.4600000381469726562 0.10000000149011611938 0.10000000149011611938 -1.5599999427795410156 -1.5599999427795410156 -1.5599999427795410156 -1.5599999427795410156 -1.5599999427795410156 -1.5599999427795410156 -1.5599999427795410156 -1.5599999427795410156 -1.5599999427795410156 -1.5599999427795410156 -1.5599999427795410156 -1.5599999427795410156 -1.5599999427795410156 -1.5599999427795410156 -1.5599999427795410156
-0.51999998092651367188 -0.51999998092651367188 -0.51999998092651367188 -0.51999998092651367188 -0.51999998092651367188 -0.51999998092651367188 -0.51999998092651367188 -0.51999998092651367188 -0.51999998092651367188 -0.51999998092651367188 -0.51999998092651367188 -0.51999998092651367188 -0.51999998092651367188 -0.51999998092651367188 -0.51999998092651367188 -0.51999998092651367188 -0.40999999642372131348 -0.40999999642372131348 -0.40999999642372131348 -1.4600000381469726562 -1.4600000381469726562 -0.80000001192092895508 -0.80000001192092895508 -1.4600000381469726562 -1.4600000381469726562 -1.4600000381469726562 -1.4600000381469726562 -1.4600000381469726562 -1.4600000381469726562 -1.4600000381469726562 0.10000000149011611938 0.10000000149011611938 -1.5599999427795410156 -1.5599999427795410156 -1.5599999427795410156 -1.5599999427795410156 -1.5599999427795410156 -1.5599999427795410156 -1.5599999427795410156 -1.5599999427795410156 -1.5599999427795410156 -1.5599999427795410156 -1.5599999427795410156 -1.5599999427795410156 -1.5599999427795410156 -1.5599999427795410156 -1.5599999427795410156
-0.51999998092651367188 -0.51999998092651367188 -0.51999998092651367188 -0.51999998092651367188 -0.51999998092651367188 -0.51999998092651367188 -0.51999998092651367188 -0.51999998092651367188 -0.51999998092651367188 -0.51999998092651367188 -0.51999998092651367188 -0.51999998092651367188 -0.51999998092651367188 -0.51999998092651367188 -0.51999998092651367188 -0.51999998092651367188 -0.20000000298023223877 -0.20000000298023223877 -0.20000000298023223877 -1.4600000381469726562 -1.4600000381469726562 -1.4600000381469726562 -1.4600000381469726562 -1.4600000381469726562 -1.4600000381469726562 -1.4600000381469726562 0.21999999880790710449 0.21999999880790710449 0.23000000417232513428 0.23000000417232513428 -0.20000000298023223877 -0.20000000298023223877 -0.34000000357627868652 -0.34000000357627868652 -0.34000000357627868652 -0.25 -0.25 -0.62000000476837158203 -0.62000000476837158203 -1.5700000524520874023 -1.5700000524520874023 -1.5700000524520874023 -1.5599999427795410156 -1.5599999427795410156 -1.5599999427795410156 -1.5599999427795410156 -1.5599999427795410156
-0.34000000357627868652 -0.34000000357627868652 -0.34000000357627868652 -0.34000000357627868652 -0.34000000357627868652 -0.34000000357627868652 -0.34000000357627868652 -0.37000000476837158203 -0.37000000476837158203 -0.37000000476837158203 -0.37000000476837158203 -0.37000000476837158203 -0.37000000476837158203 -0.37000000476837158203 -0.37000000476837158203 -0.37000000476837158203 -0.20000000298023223877 -0.20000000298023223877 -0.20000000298023223877 -0.20000000298023223877 -0.20000000298023223877 -0.33000001311302185059 -0.33000001311302185059 -0.33000001311302185059 -0.33000001311302185059 -0.33000001311302185059 -0.28000000119209289551 -0.28000000119209289551 -0.28000000119209289551 -0.28000000119209289551 -0.20000000298023223877 -0.20000000298023223877 -0.20000000298023223877 -0.20000000298023223877 -0.20000000298023223877 -0.36000001430511474609 -0.36000001430511474609 -0.36000001430511474609 -0.36000001430511474609 0.30000001192092895508 0.30000001192092895508 0.30000001192092895508 -1.5599999427795410156 -1.5599999427795410156 -1.5599999427795410156 -1.5599999427795410156 -1.5599999427795410156
-0.34000000357627868652 -0.34000000357627868652 -0.34000000357627868652 -0.34000000357627868652 -0.34000000357627868652 -0.34000000357627868652 -0.34000000357627868652 -0.37000000476837158203 -0.37000000476837158203 -0.37000000476837158203 -0.37000000476837158203 -0.37000000476837158203 -0.37000000476837158203 -0.37000000476837158203 -0.37000000476837158203 -0.37000000476837158203 -0.20000000298023223877 -0.20000000298023223877 -0.20000000298023223877 -0.20000000298023223877 -0.20000000298023223877 -0.33000001311302185059 -0.33000001311302185059 -0.33000001311302185059 -0.33000001311302185059 -0.33000001311302185059 -0.28000000119209289551 -0.28000000119209289551 -0.28000000119209289551 -0.28000000119209289551 -0.20000000298023223877 -0.20000000298023223877 -0.20000000298023223877 -0.20000000298023223877 -0.20000000298023223877 -0.36000001430511474609 -0.36000001430511474609 -0.36000001430511474609 -0.36000001430511474609 -0.20000000298023223877 -0.20000000298023223877 -0.20000000298023223877 0.18000000715255737305 0.18000000715255737305 0.25999999046325683594 0.25999999046325683594 -1.5599999427795410156
-0.34000000357627868652 -0.34000000357627868652 -0.34000000357627868652 -0.34000000357627868652 -0.34000000357627868652 -0.34000000357627868652 -0.34000000357627868652 -0.37000000476837158203 -0.37000000476837158203 -0.37000000476837158203 -0.37000000476837158203 -0.37000000476837158203 -0.37000000476837158203 -0.37000000476837158203 -0.37000000476837158203 -0.37000000476837158203 -0.20000000298023223877 -0.20000000298023223877 -0.20000000298023223877 -0.20000000298023223877 -0.20000000298023223877 -0.33000001311302185059 -0.33000001311302185059 -0.33000001311302185059 -0.33000001311302185059 -0.33000001311302185059 -0.28000000119209289551 -0.28000000119209289551 -0.28000000119209289551 -0.28000000119209289551 -0.20000000298023223877 -0.20000000298023223877 -0.20000000298023223877 -0.20000000298023223877 -0.20000000298023223877 -0.36000001430511474609 -0.36000001430511474609 -0.36000001430511474609 -0.36000001430511474609 -0.20000000298023223877 -0.20000000298023223877 -0.20000000298023223877 0.18000000715255737305 0.18000000715255737305 0.25999999046325683594 0.25999999046325683594 -1.5599999427795410156
