data/demo/waterlevel_360min_40x40m.asc
ncols        561
nrows        278
xllcorner    4.817258165162
yllcorner    52.370746892638
cellsize     0.000511251697
NODATA_value  -9999
[rows 147 to 167 of 278, columns 138 to 183 of 561]
-2.9000000953674316406 -2.9000000953674316406 -2.9000000953674316406 -2.9000000953674316406 -2.9000000953674316406 -2.9000000953674316406 -2.9000000953674316406 -2.9000000953674316406 -2.9000000953674316406 -2.9000000953674316406 -2.9000000953674316406 -3 -3 -3 -3 -3 -3 -3 -3 -3 -3 -3 -3 -3 -3 -3 -3 -3 -3 -3 -2.9800000190734863281 -2.9800000190734863281 -2.9800000190734863281 -2.9800000190734863281 -2.9800000190734863281 -2.9800000190734863281 -2.9800000190734863281 -2.9800000190734863281 -2.9800000190734863281 -2.9000000953674316406 -2.9000000953674316406 -2.9000000953674316406 -2.9000000953674316406 -2.9000000953674316406 -2.9000000953674316406 -2.9000000953674316406
-2.9000000953674316406 -2.9000000953674316406 -2.9000000953674316406 -2.9000000953674316406 -1.879999995231628418 -1.879999995231628418 -1.879999995231628418 -2.9000000953674316406 -2.9000000953674316406 -2.9000000953674316406 -2.9000000953674316406 -2.9400000572204589844 -2.9400000572204589844 -2.9400000572204589844 -2.9400000572204589844 -2.9400000572204589844 -3 -3 -3 -3 -2.9000000953674316406 -2.9000000953674316406 -2.9000000953674316406 -2.9000000953674316406 -2.9000000953674316406 -2.9200000762939453125 -2.9200000762939453125 -2.9200000762939453125 -2.9200000762939453125 -2.9200000762939453125 -2.9000000953674316406 -2.9000000953674316406 -2.9000000953674316406 -2.9000000953674316406 -2.9000000953674316406 -2.9000000953674316406 -2.9000000953674316406 -2.9000000953674316406 -2.9000000953674316406 -0.039999999105930328369 -0.039999999105930328369 -1.5700000524520874023 -1.5700000524520874023 -2.9000000953674316406 -2.9000000953674316406 -2.9000000953674316406
-2.9000000953674316406 -2.9000000953674316406 -2.9000000953674316406 -2.9000000953674316406 -1.879999995231628418 -1.879999995231628418 -1.879999995231628418 -2.9000000953674316406 -2.9000000953674316406 -2.9000000953674316406 -2.9000000953674316406 -2.9400000572204589844 -2.9400000572204589844 -2.9400000572204589844 -2.9400000572204589844 -2.9400000572204589844 -3 -3 -3 -3 -2.9000000953674316406 -2.9000000953674316406 -2.9000000953674316406 -2.9000000953674316406 -2.9000000953674316406 -2.9200000762939453125 -2.9200000762939453125 -2.9200000762939453125 -2.9200000762939453125 -2.9200000762939453125 -2.9000000953674316406 -2.9000000953674316406 -2.9000000953674316406 -2.9000000953674316406 -2.9000000953674316406 -2.9000000953674316406 -2.9000000953674316406 -2.9000000953674316406 -2.9000000953674316406 -0.039999999105930328369 -0.039999999105930328369 -1.5700000524520874023 -1.5700000524520874023 -2.9000000953674316406 -2.9000000953674316406 -2.9000000953674316406
-2.9000000953674316406 -2.9000000953674316406 -2.2000000476837158203 -2.2000000476837158203 -2.9000000953674316406 -2.9000000953674316406 -2.9000000953674316406 -2.9000000953674316406 -2.9000000953674316406 -2.9000000953674316406 -2.9000000953674316406 -2.9400000572204589844 -2.9400000572204589844 -2.9400000572204589844 -2.9400000572204589844 -2.9400000572204589844 -3 -3 -3 -3 -2.9000000953674316406 -2.9000000953674316406 -2.9000000953674316406 -2.9000000953674316406 -2.9000000953674316406 -2.9200000762939453125 -2.9200000762939453125 -2.9200000762939453125 -2.9200000762939453125 -2.9200000762939453125 -2.9000000953674316406 -2.9000000953674316406 -2.9000000953674316406 -2.9000000953674316406 -2.9000000953674316406 -2.9000000953674316406 -2.9000000953674316406 -2.9000000953674316406 -2.9000000953674316406 -2.9000000953674316406 -2.9000000953674316406 -2.9000000953674316406 -2.9000000953674316406 -2.9000000953674316406 -2.9000000953674316406 -2.9000000953674316406
-1.5299999713897705078 -1.5299999713897705078 -1.7599999904632568359 -1.7599999904632568359 -2.9000000953674316406 -2.9000000953674316406 -2.9000000953674316406 -2.9000000953674316406 -2.9000000953674316406 -2.9000000953674316406 -2.9000000953674316406 -2.9000000953674316406 -2.9000000953674316406 -2.9000000953674316406 -2.9000000953674316406 -2.9000000953674316406 -2.9400000572204589844 -2.9400000572204589844 -2.9000000953674316406 -2.9000000953674316406 -2.9000000953674316406 -2.9000000953674316406 -2.9000000953674316406 -2.9000000953674316406 -2.9000000953674316406 -2.9000000953674316406 -2.9000000953674316406 -2.9000000953674316406 -2.9000000953674316406 -2.9000000953674316406 -2.9000000953674316406 -2.9000000953674316406 -2.9000000953674316406 -2.9000000953674316406 -2.9000000953674316406 -2.9000000953674316406 -2.9000000953674316406 -2.9000000953674316406 -2.9000000953674316406 -2.9000000953674316406 -2.9000000953674316406 -1.5599999427795410156 -1.5599999427795410156 -1.5700000524520874023 -1.5700000524520874023 -1.5700000524520874023
-1.5299999713897705078 -1.5299999713897705078 -1.7599999904632568359 -1.7599999904632568359 -2.9000000953674316406 -2.9000000953674316406 -2.9000000953674316406 -2.9000000953674316406 -2.9000000953674316406 -2.9000000953674316406 -2.9000000953674316406 -2.9000000953674316406 -2.9000000953674316406 -2.9000000953674316406 -2.9000000953674316406 -2.9000000953674316406 -2.9400000572204589844 -2.9400000572204589844 -2.9000000953674316406 -2.9000000953674316406 -2.9000000953674316406 -2.9000000953674316406 -2.9000000953674316406 -2.9000000953674316406 -2.9000000953674316406 -2.9000000953674316406 -2.9000000953674316406 -2.9000000953674316406 -2.9000000953674316406 -2.9000000953674316406 -2.3900001049041748047 -2.3900001049041748047 -1.5599999427795410156 -1.5599999427795410156 -1.5599999427795410156 -1.5599999427795410156 -1.5599999427795410156 -1.5599999427795410156 -1.5599999427795410156 -1.5599999427795410156 -1.5599999427795410156 -1.5599999427795410156 -1.5599999427795410156 -1.5700000524520874023 -1.5700000524520874023 -1.5700000524520874023
-1.5299999713897705078 -1.5299999713897705078 -1.4500000476837158203 -1.4500000476837158203 -1.4500000476837158203 -1.4500000476837158203 -1.4500000476837158203 -1.4600000381469726562 -1.4600000381469726562 -1.4600000381469726562 -1.4600000381469726562 -1.4800000190734863281 -1.4800000190734863281 -1.4800000190734863281 -1.4700000286102294922 -1.4700000286102294922 -1.4500000476837158203 -1.4500000476837158203 -1.4500000476837158203 -1.4500000476837158203 -1.6399999856948852539 -1.6399999856948852539 -1.6399999856948852539 -2.5899999141693115234 -2.5899999141693115234 -2.9000000953674316406 -2.9000000953674316406 -2.9000000953674316406 -2.9000000953674316406 -2.9000000953674316406 -2.3900001049041748047 -2.3900001049041748047 -1.5599999427795410156 -1.5599999427795410156 -1.5599999427795410156 -1.5599999427795410156 -1.5599999427795410156 -1.5599999427795410156 -1.5599999427795410156 -1.5599999427795410156 -1.5599999427795410156 -1.5599999427795410156 -1.5599999427795410156 -1.5700000524520874023 -1.5700000524520874023 -1.5700000524520874023
-1.5299999713897705078 -1.5299999713897705078 -1.4500000476837158203 -1.4500000476837158203 -1.4500000476837158203 -1.4500000476837158203 -1.4500000476837158203 -1.4500000476837158203 -1.4500000476837158203 -1.4500000476837158203 -1.4500000476837158203 -1.5299999713897705078 -1.5299999713897705078 -1.5299999713897705078 -1.5299999713897705078 -1.5299999713897705078 -1.5199999809265136719 -1.5199999809265136719 -1.5199999809265136719 -1.5199999809265136719 -1.4500000476837158203 -1.4500000476837158203 -1.4500000476837158203 -1.5599999427795410156 -1.5599999427795410156 -1.5599999427795410156 -1.5599999427795410156 -1.5599999427795410156 -1.5599999427795410156 -1.5599999427795410156 -1.5599999427795410156 -1.5599999427795410156 -1.5599999427795410156 -1.5599999427795410156 -1.620000004768371582 -1.620000004768371582 -1.620000004768371582 -1.620000004768371582 -1.620000004768371582 -1.5599999427795410156 -1.5599999427795410156 -1.5599999427795410156 -1.5599999427795410156 -1.5599999427795410156 -1.5599999427795410156 -1.5599999427795410156
-1.5299999713897705078 -1.5299999713897705078 -1.4500000476837158203 -1.4500000476837158203 -1.4500000476837158203 -1.4500000476837158203 -1.4500000476837158203 -1.4500000476837158203 -1.4500000476837158203 -1.4500000476837158203 -1.4500000476837158203 -1.5299999713897705078 -1.5299999713897705078 -1.5299999713897705078 -1.5299999713897705078 -1.5299999713897705078 -1.5199999809265136719 -1.5199999809265136719 -1.5199999809265136719 -1.5199999809265136719 -1.5099999904632568359 -1.5099999904632568359 -1.5099999904632568359 -1.5599999427795410156 -1.5599999427795410156 -1.5599999427795410156 -1.5599999427795410156 -1.5599999427795410156 -1.5599999427795410156 -1.5599999427795410156 -1.5599999427795410156 -1.5599999427795410156 -1.5599999427795410156 -1.5599999427795410156 -1.620000004768371582 -1.620000004768371582 -1.620000004768371582 -1.620000004768371582 -1.620000004768371582 -1.5599999427795410156 -1.5599999427795410156 -1.5599999427795410156 -1.5599999427795410156 -1.5599999427795410156 -1.5599999427795410156 -1.5599999427795410156
-1.5299999713897705078 -1.5299999713897705078 -1.4500000476837158203 -1.4500000476837158203 -1.4500000476837158203 -1.4500000476837158203 -1.4500000476837158203 -1.4500000476837158203 -1.4500000476837158203 -1.4500000476837158203 -1.4500000476837158203 -1.5299999713897705078 -1.5299999713897705078 -1.5299999713897705078 -1.5299999713897705078 -1.5299999713897705078 -1.5199999809265136719 -1.5199999809265136719 -1.5199999809265136719 -1.5199999809265136719 -1.5099999904632568359 -1.5099999904632568359 -1.5099999904632568359 -1.5599999427795410156 -1.5599999427795410156 -1.5599999427795410156 -1.5599999427795410156 -1.5599999427795410156 -1.5599999427795410156 -1.5599999427795410156 -1.5599999427795410156 -1.5599999427795410156 -1.5599999427795410156 -1.5599999427795410156 -1.620000004768371582 -1.620000004768371582 -1.620000004768371582 -1.620000004768371582 -1.620000004768371582 -1.5599999427795410156 -1.5599999427795410156 -1.5599999427795410156 -1.5599999427795410156 -1.5599999427795410156 -1.5599999427795410156 -1.5599999427795410156
-1.5299999713897705078 -1.5299999713897705078 -1.5499999523162841797 -1.5499999523162841797 -1.5499999523162841797 -1.5499999523162841797 -1.5499999523162841797 -1.5199999809265136719 -1.5199999809265136719 -1.5199999809265136719 -1.5199999809265136719 -1.5700000524520874023 -1.5700000524520874023 -1.5700000524520874023 -1.5700000524520874023 -1.5700000524520874023 -1.5199999809265136719 -1.5199999809265136719 -1.5199999809265136719 -1.5199999809265136719 -1.4500000476837158203 -1.4500000476837158203 -1.4500000476837158203 -1.5599999427795410156 -1.5599999427795410156 -1.5599999427795410156 -1.5599999427795410156 -1.5599999427795410156 -1.5599999427795410156 -1.5599999427795410156 -1.7100000381469726562 -1.7100000381469726562 -1.7100000381469726562 -1.7100000381469726562 -1.9500000476837158203 -1.9500000476837158203 -1.9500000476837158203 -1.9500000476837158203 -1.9500000476837158203 -1.9099999666213989258 -1.9099999666213989258 -1.9099999666213989258 -1.9099999666213989258 -1.5599999427795410156 -1.5599999427795410156 -1.5599999427795410156
-1.5299999713897705078 -1.5299999713897705078 -1.5499999523162841797 -1.5499999523162841797 -1.5499999523162841797 -1.5499999523162841797 -1.5499999523162841797 -1.5199999809265136719 -1.5199999809265136719 -1.5199999809265136719 -1.5199999809265136719 -1.5700000524520874023 -1.5700000524520874023 -1.5700000524520874023 -1.5700000524520874023 -1.5700000524520874023 -1.5199999809265136719 -1.5199999809265136719 -1.5199999809265136719 -1.5199999809265136719 -1.4700000286102294922 -1.4700000286102294922 -1.4700000286102294922 -1.5599999427795410156 -1.5599999427795410156 -1.5599999427795410156 -1.5599999427795410156 -1.5599999427795410156 -1.5599999427795410156 -1.5599999427795410156 -1.7100000381469726562 -1.7100000381469726562 -1.7100000381469726562 -1.7100000381469726562 -1.9500000476837158203 -1.9500000476837158203 -1.9500000476837158203 -1.9500000476837158203 -1.9500000476837158203 -1.9099999666213989258 -1.9099999666213989258 -1.9099999666213989258 -1.9099999666213989258 -1.5599999427795410156 -1.5599999427795410156 -1.5599999427795410156
-1.5299999713897705078 -1.5299999713897705078 -1.5499999523162841797 -1.5499999523162841797 -1.5499999523162841797 -1.5499999523162841797 -1.5499999523162841797 -1.5199999809265136719 -1.5199999809265136719 -1.5199999809265136719 -1.5199999809265136719 -1.5700000524520874023 -1.5700000524520874023 -1.5700000524520874023 -1.5700000524520874023 -1.5700000524520874023 -1.5199999809265136719 -1.5199999809265136719 -1.5199999809265136719 -1.5199999809265136719 -1.4700000286102294922 -1.4700000286102294922 -1.4700000286102294922 -1.5599999427795410156 -1.5599999427795410156 -1.5599999427795410156 -1.5599999427795410156 -1.5599999427795410156 -1.5599999427795410156 -1.5599999427795410156 -1.7100000381469726562 -1.7100000381469726562 -1.7100000381469726562 -1.7100000381469726562 -1.9500000476837158203 -2.0499999523162841797 -2.0499999523162841797 -2.0499999523162841797 -2.0499999523162841797 -1.9600000381469726562 -1.9600000381469726562 -1.9600000381469726562 -1.9600000381469726562 -1.9600000381469726562 -1.9600000381469726562 -1.9600000381469726562
-1.8200000524520874023 -1.8200000524520874023 -1.5900000333786010742 -1.5900000333786010742 -1.5900000333786010742 -1.5900000333786010742 -1.5900000333786010742 -1.5900000333786010742 -1.5900000333786010742 -1.5900000333786010742 -1.5900000333786010742 -1.5299999713897705078 -1.5299999713897705078 -1.5299999713897705078 -1.5299999713897705078 -1.5299999713897705078 -1.5199999809265136719 -1.5199999809265136719 -1.5199999809265136719 -1.5199999809265136719 -1.4600000381469726562 -1.4600000381469726562 -1.4600000381469726562 -1.6599999666213989258 -1.6599999666213989258 -1.6100000143051147461 -1.6100000143051147461 -1.6100000143051147461 -1.6100000143051147461 -1.6100000143051147461 -2.0499999523162841797 -2.0499999523162841797 -2.0499999523162841797 -2.0499999523162841797 -2.0499999523162841797 -2.0499999523162841797 -2.0499999523162841797 -2.0499999523162841797 -2.0499999523162841797 -1.9600000381469726562 -1.9600000381469726562 -1.9600000381469726562 -1.9600000381469726562 -1.9600000381469726562 -1.9600000381469726562 -1.9600000381469726562
-1.8200000524520874023 -1.8200000524520874023 -1.5900000333786010742 -1.5900000333786010742 -1.5900000333786010742 -1.5900000333786010742 -1.5900000333786010742 -1.5900000333786010742 -1.5900000333786010742 -1.5900000333786010742 -1.5900000333786010742 -1.5299999713897705078 -1.5299999713897705078 -1.5299999713897705078 -1.5299999713897705078 -1.5299999713897705078 -1.5199999809265136719 -1.5199999809265136719 -1.5199999809265136719 -1.5199999809265136719 -1.5199999809265136719 -1.4600000381469726562 -1.4600000381469726562 -1.5599999427795410156 -1.5599999427795410156 -1.6100000143051147461 -1.6100000143051147461 -1.6100000143051147461 -1.6100000143051147461 -1.6100000143051147461 -2.0499999523162841797 -2.0499999523162841797 -2.0499999523162841797 -2.0499999523162841797 -2.0499999523162841797 -2.0499999523162841797 -2.0499999523162841797 -2.0499999523162841797 -2.0499999523162841797 -1.9600000381469726562 -1.9600000381469726562 -1.9600000381469726562 -1.9600000381469726562 -1.9600000381469726562 -1.9600000381469726562 -1.9600000381469726562
-1.8200000524520874023 -1.8200000524520874023 -1.5900000333786010742 -1.5900000333786010742 -1.5900000333786010742 -1.5900000333786010742 -1.5900000333786010742 -1.5900000333786010742 -1.5900000333786010742 -1.5900000333786010742 -1.5900000333786010742 -1.5 -1.5 -1.5 -1.5 -1.5 -1.5099999904632568359 -1.5099999904632568359 -1.5099999904632568359 -1.5099999904632568359 -1.5099999904632568359 -1.4900000095367431641 -1.4900000095367431641 -1.2699999809265136719 -1.2699999809265136719 -1.5599999427795410156 -1.5599999427795410156 -1.5599999427795410156 -1.5599999427795410156 -1.5599999427795410156 -2.0499999523162841797 -2.0499999523162841797 -2.0499999523162841797 -2.0499999523162841797 -2.0499999523162841797 -2.0499999523162841797 -2.0499999523162841797 -2.0499999523162841797 -2.0499999523162841797 -1.9600000381469726562 -1.9600000381469726562 -1.9600000381469726562 -1.9600000381469726562 -1.9600000381469726562 -1.9600000381469726562 -1.9600000381469726562
-1.8200000524520874023 -1.8200000524520874023 -1.5900000333786010742 -1.5900000333786010742 -1.5900000333786010742 -1.5900000333786010742 -1.5900000333786010742 -1.5900000333786010742 -1.5900000333786010742 -1.5900000333786010742 -1.5900000333786010742 -1.5 -1.5 -1.5 -1.5 -1.5 -1.5099999904632568359 -1.5099999904632568359 -1.5099999904632568359 -1.5099999904632568359 -1.5099999904632568359 -1.4900000095367431641 -1.4900000095367431641 -1.2699999809265136719 -1.2699999809265136719 -1.5599999427795410156 -1.5599999427795410156 -1.5599999427795410156 -1.5599999427795410156 -1.5599999427795410156 -2.0499999523162841797 -2.0499999523162841797 -2.0499999523162841797 -2.0499999523162841797 -2.0499999523162841797 -2.0499999523162841797 -2.0499999523162841797 -2.0499999523162841797 -2.0499999523162841797 -1.9600000381469726562 -1.9600000381469726562 -1.9600000381469726562 -1.9600000381469726562 -1.9600000381469726562 -1.9600000381469726562 -1.9600000381469726562
-1.8200000524520874023 -1.8200000524520874023 -1.5900000333786010742 -1.5900000333786010742 -1.5900000333786010742 -1.5900000333786010742 -1.5900000333786010742 -1.5900000333786010742 -1.5900000333786010742 -1.5900000333786010742 -1.5900000333786010742 -1.5 -1.5 -1.5 -1.5 -1.5 -1.5099999904632568359 -1.5099999904632568359 -1.5099999904632568359 -1.5099999904632568359 -1.5099999904632568359 -1.4500000476837158203 -1.4500000476837158203 -1.2300000190734863281 -1.2300000190734863281 -1.5599999427795410156 -1.5599999427795410156 -1.5599999427795410156 -1.5599999427795410156 -1.5599999427795410156 -2.0499999523162841797 -2.0499999523162841797 -2.0499999523162841797 -2.0499999523162841797 -2.0499999523162841797 -2.0499999523162841797 -2.0499999523162841797 -2.0499999523162841797 -2.0499999523162841797 -1.9600000381469726562 -1.9600000381469726562 -1.9600000381469726562 -1.9600000381469726562 -1.9600000381469726562 -1.9600000381469726562 -1.9600000381469726562
-1.5299999713897705078 -1.5299999713897705078 -1.5299999713897705078 -1.5299999713897705078 -1.5299999713897705078 -1.5299999713897705078 -1.5299999713897705078 -1.5 -1.5 -1.5 -1.5 -1.5099999904632568359 -1.5099999904632568359 -1.5099999904632568359 -1.5099999904632568359 -1.5099999904632568359 -1.5 -1.5 -1.5 -1.5 -1.5 -1.5199999809265136719 -1.5199999809265136719 -1.5599999427795410156 -1.5599999427795410156 -1.5599999427795410156 -1.5599999427795410156 -1.5599999427795410156 -1.5599999427795410156 -1.5599999427795410156 -1.6100000143051147461 -1.6100000143051147461 -1.6100000143051147461 -1.6100000143051147461 -1.6100000143051147461 -1.6100000143051147461 -1.6100000143051147461 -1.6100000143051147461 -1.6100000143051147461 -1.8300000429153442383 -1.8300000429153442383 -1.8300000429153442383 -1.8300000429153442383 -1.8300000429153442383 -1.8300000429153442383 -1.8300000429153442383
-1.5299999713897705078 -1.5299999713897705078 -1.5299999713897705078 -1.5299999713897705078 -1.5299999713897705078 -1.5299999713897705078 -1.5299999713897705078 -1.5 -1.5 -1.5 -1.5 -1.5099999904632568359 -1.5099999904632568359 -1.5099999904632568359 -1.5099999904632568359 -1.5099999904632568359 -1.5 -1.5 -1.5 -1.5 -1.5 -1.5199999809265136719 -1.5199999809265136719 -1.5599999427795410156 -1.5599999427795410156 -1.5599999427795410156 -1.5599999427795410156 -1.5599999427795410156 -1.5599999427795410156 -1.5599999427795410156 -1.6100000143051147461 -1.6100000143051147461 -1.6100000143051147461 -1.6100000143051147461 -1.6100000143051147461 -1.6100000143051147461 -1.6100000143051147461 -1.6100000143051147461 -1.6100000143051147461 -1.8300000429153442383 -1.8300000429153442383 -1.8300000429153442383 -1.8300000429153442383 -1.8300000429153442383 -1.8300000429153442383 -1.8300000429153442383
-1.5299999713897705078 -1.5299999713897705078 -1.5299999713897705078 -1.5299999713897705078 -1.5299999713897705078 -1.5299999713897705078 -1.5299999713897705078 -1.5 -1.5 -1.5 -1.5 -1.5099999904632568359 -1.5099999904632568359 -1.5099999904632568359 -1.5099999904632568359 -1.5099999904632568359 -1.5 -1.5 -1.5 -1.5 -1.5 -1.4500000476837158203 -1.4500000476837158203 -1.5700000524520874023 -1.5700000524520874023 -1.5599999427795410156 -1.5599999427795410156 -1.5599999427795410156 -1.5599999427795410156 -1.5599999427795410156 -1.6100000143051147461 -1.6100000143051147461 -1.6100000143051147461 -1.6100000143051147461 -1.6100000143051147461 -1.6100000143051147461 -1.6100000143051147461 -1.6100000143051147461 -1.6100000143051147461 -1.8300000429153442383 -1.8300000429153442383 -1.8300000429153442383 -1.8300000429153442383 -1.8300000429153442383 -1.8300000429153442383 -1.8300000429153442383
