data/demo/waterlevel_360min_40x40m.asc
ncols        561
nrows        278
xllcorner    4.817258165162
yllcorner    52.370746892638
cellsize     0.000511251697
NODATA_value  -9999
[rows 210 to 230 of 278, columns 322 to 367 of 561]
-1.1260347366333007812 -1.1260347366333007812 -1.1260347366333007812 -1.0884416103363037109 -1.0884416103363037109 -1.0884416103363037109 -1.0884416103363037109 -1.0884416103363037109 -1.0884416103363037109 -1.0884416103363037109 -1.0884416103363037109 -1.0884416103363037109 -1.0715559720993041992 -1.0715559720993041992 -1.0715559720993041992 -1.0715559720993041992 -1.0715559720993041992 -1.0715559720993041992 -1.0715559720993041992 -1.0715559720993041992 -1.0715559720993041992 -1.0605667829513549805 -1.0605667829513549805 -1.0605667829513549805 -1.0605667829513549805 -1.0605667829513549805 -1.0520520210266113281 -1.0520520210266113281 -1.0520520210266113281 -1.0520520210266113281 -1.0493383407592773438 -1.0493383407592773438 -1.0493383407592773438 -1.0460809469223022461 -1.0460809469223022461 -1.0450654029846191406 -1.0450654029846191406 -1.0419956445693969727 -1.0294095277786254883 -1.0290774106979370117 -1.0290774106979370117 -1.0289572477340698242 -1.0289206504821777344 -1.0287859439849853516 -1.0285553932189941406 -1.0285553932189941406
-1.1260347366333007812 -1.1260347366333007812 -1.1260347366333007812 -1.0884416103363037109 -1.0884416103363037109 -1.0884416103363037109 -1.0884416103363037109 -1.0884416103363037109 -1.0884416103363037109 -1.0884416103363037109 -1.0884416103363037109 -1.0884416103363037109 -1.0715559720993041992 -1.0715559720993041992 -1.0715559720993041992 -1.0715559720993041992 -1.0715559720993041992 -1.0715559720993041992 -1.0715559720993041992 -1.0715559720993041992 -1.0715559720993041992 -1.0605667829513549805 -1.0605667829513549805 -1.0605667829513549805 -1.0605667829513549805 -1.0605667829513549805 -1.0520520210266113281 -1.0520520210266113281 -1.0520520210266113281 -1.0520520210266113281 -1.0464669466018676758 -1.0464669466018676758 -1.0464669466018676758 -1.0428708791732788086 -1.0428708791732788086 -1.0430829524993896484 -1.0395139455795288086 -1.0290471315383911133 -1.0290927886962890625 -1.0290431976318359375 -1.0290431976318359375 -1.0290431976318359375 -1.02889251708984375 -1.02889251708984375 -1.0286428928375244141 -1.0286428928375244141
-1.1260347366333007812 -1.1260347366333007812 -1.1260347366333007812 -1.0884416103363037109 -1.0884416103363037109 -1.0884416103363037109 -1.0884416103363037109 -1.0884416103363037109 -1.0884416103363037109 -1.0884416103363037109 -1.0884416103363037109 -1.0884416103363037109 -1.0715559720993041992 -1.0715559720993041992 -1.0715559720993041992 -1.0715559720993041992 -1.0715559720993041992 -1.0715559720993041992 -1.0715559720993041992 -1.0715559720993041992 -1.0715559720993041992 -1.0569585561752319336 -1.0569585561752319336 -1.0569585561752319336 -1.0569585561752319336 -1.0569585561752319336 -1.0509215593338012695 -1.0509215593338012695 -1.0478729009628295898 -1.0478729009628295898 -1.0328963994979858398 -1.0328963994979858398 -1.0328963994979858398 -1.0374605655670166016 -1.0296295881271362305 -1.0293772220611572266 -1.0292016267776489258 -1.0290888547897338867 -1.0290888547897338867 -1.0290694236755371094 -1.0290694236755371094 -1.0290694236755371094 -1.0290457010269165039 -1.0289974212646484375 -1.0286695957183837891 -1.0284556150436401367
-1.1260347366333007812 -1.1260347366333007812 -1.1260347366333007812 -1.0884416103363037109 -1.0884416103363037109 -1.0884416103363037109 -1.0884416103363037109 -1.0884416103363037109 -1.0884416103363037109 -1.0884416103363037109 -1.0884416103363037109 -1.0884416103363037109 -1.0715559720993041992 -1.0715559720993041992 -1.0715559720993041992 -1.0715559720993041992 -1.0715559720993041992 -1.0715559720993041992 -1.0715559720993041992 -1.0715559720993041992 -1.0715559720993041992 -1.0569585561752319336 -1.0569585561752319336 -1.0569585561752319336 -1.0569585561752319336 -1.0569585561752319336 -1.0509215593338012695 -1.0509215593338012695 -1.0478729009628295898 -1.0478729009628295898 -1.0328963994979858398 -1.0328963994979858398 -1.0328963994979858398 -1.0293715000152587891 -1.0293850898742675781 -1.0292952060699462891 -1.0291849374771118164 -1.0290888547897338867 -1.0290888547897338867 -1.0290694236755371094 -1.0290694236755371094 -1.0290694236755371094 -1.029125213623046875 -1.0293458700180053711 -1.0303045511245727539 -1.0275293588638305664
-1.1260347366333007812 -1.1260347366333007812 -1.1260347366333007812 -1.0884416103363037109 -1.0884416103363037109 -1.0884416103363037109 -1.0884416103363037109 -1.0884416103363037109 -1.0884416103363037109 -1.0884416103363037109 -1.0884416103363037109 -1.0884416103363037109 -1.0715559720993041992 -1.0715559720993041992 -1.0715559720993041992 -1.0715559720993041992 -1.0715559720993041992 -1.0715559720993041992 -1.0715559720993041992 -1.0715559720993041992 -1.0715559720993041992 -1.0569585561752319336 -1.0569585561752319336 -1.0569585561752319336 -1.0569585561752319336 -1.0569585561752319336 -1.050516963005065918 -1.050516963005065918 -1.0302082300186157227 -1.0295147895812988281 -1.0293182134628295898 -1.0295436382293701172 -1.0295436382293701172 -1.0293283462524414062 -1.0293283462524414062 -1.0291619300842285156 -1.0291619300842285156 -1.0290539264678955078 -1.0290539264678955078 -1.0291119813919067383 -1.0291119813919067383 -1.0297378301620483398 -1.0276570320129394531 -1.0215394496917724609 -1.0173293352127075195 -1.0173293352127075195
-1.1110072135925292969 -1.1110072135925292969 -1.1110072135925292969 -1.0729851722717285156 -1.0729851722717285156 -1.0729851722717285156 -1.0729851722717285156 -1.0729851722717285156 -1.0729851722717285156 -1.0729851722717285156 -1.0729851722717285156 -1.0729851722717285156 -1.053563237190246582 -1.053563237190246582 -1.053563237190246582 -1.053563237190246582 -1.053563237190246582 -1.053563237190246582 -1.053563237190246582 -1.053563237190246582 -1.053563237190246582 -1.0480712652206420898 -1.0480712652206420898 -1.0480712652206420898 -1.0480712652206420898 -1.0480712652206420898 -1.042438507080078125 -1.042438507080078125 -1.029572606086730957 -1.0294433832168579102 -1.0292737483978271484 -1.0292737483978271484 -1.0292737483978271484 -1.0291116237640380859 -1.0291116237640380859 -1.029083251953125 -1.0290263891220092773 -1.0289492607116699219 -1.0292657613754272461 -1.0296103954315185547 -1.0296103954315185547 -1.0263581275939941406 -1.0148804187774658203 -1.0148804187774658203 -0.99988859891891479492 -0.99988859891891479492
-1.1110072135925292969 -1.1110072135925292969 -1.1110072135925292969 -1.0729851722717285156 -1.0729851722717285156 -1.0729851722717285156 -1.0729851722717285156 -1.0729851722717285156 -1.0729851722717285156 -1.0729851722717285156 -1.0729851722717285156 -1.0729851722717285156 -1.053563237190246582 -1.053563237190246582 -1.053563237190246582 -1.053563237190246582 -1.053563237190246582 -1.053563237190246582 -1.053563237190246582 -1.053563237190246582 -1.053563237190246582 -1.0480712652206420898 -1.0480712652206420898 -1.0480712652206420898 -1.0480712652206420898 -1.0480712652206420898 -1.042438507080078125 -1.042438507080078125 -1.028883814811706543 -1.0292870998382568359 -1.0290868282318115234 -1.0291117429733276367 -1.0291117429733276367 -1.0289664268493652344 -1.029889225959777832 -1.0290845632553100586 -1.0250601768493652344 -1.0159865617752075195 -1.0159865617752075195 -1.0119664669036865234 -1.0119664669036865234 -1.0119664669036865234 -1.0005842447280883789 -1.0005842447280883789 -0.99988859891891479492 -0.99988859891891479492
-1.1110072135925292969 -1.1110072135925292969 -1.1110072135925292969 -1.0729851722717285156 -1.0729851722717285156 -1.0729851722717285156 -1.0729851722717285156 -1.0729851722717285156 -1.0729851722717285156 -1.0729851722717285156 -1.0729851722717285156 -1.0729851722717285156 -1.053563237190246582 -1.053563237190246582 -1.053563237190246582 -1.053563237190246582 -1.053563237190246582 -1.053563237190246582 -1.053563237190246582 -1.053563237190246582 -1.053563237190246582 -1.0480712652206420898 -1.0480712652206420898 -1.0480712652206420898 -1.0480712652206420898 -1.0480712652206420898 -1.0252056121826171875 -1.0252056121826171875 -1.0197153091430664062 -1.025557398796081543 -1.0256561040878295898 -1.025618433952331543 -1.025618433952331543 -1.0284328460693359375 -1.0245145559310913086 -1.0216330289840698242 -1.0165466070175170898 -1.0159865617752075195 -1.0159865617752075195 -1.0119664669036865234 -1.0119664669036865234 -1.0119664669036865234 -1.0005842447280883789 -1.0005842447280883789 -0.99988859891891479492 -0.99988859891891479492
-1.1110072135925292969 -1.1110072135925292969 -1.1110072135925292969 -1.0729851722717285156 -1.0729851722717285156 -1.0729851722717285156 -1.0729851722717285156 -1.0729851722717285156 -1.0729851722717285156 -1.0729851722717285156 -1.0729851722717285156 -1.0729851722717285156 -1.053563237190246582 -1.053563237190246582 -1.053563237190246582 -1.053563237190246582 -1.053563237190246582 -1.053563237190246582 -1.053563237190246582 -1.053563237190246582 -1.053563237190246582 -1.0233123302459716797 -1.0233123302459716797 -1.0233123302459716797 -1.0233123302459716797 -1.0233123302459716797 -1.0192025899887084961 -1.0192025899887084961 -1.0179971456527709961 -1.0179971456527709961 -1.0192416906356811523 -1.0192416906356811523 -1.0192416906356811523 -1.0180753469467163086 -1.0180753469467163086 -1.0110023021697998047 -1.0110023021697998047 -1.005105137825012207 -1.005105137825012207 -0.9956798553466796875 -0.9956798553466796875 -0.9956798553466796875 -0.9956798553466796875 -0.9956798553466796875 -0.98897689580917358398 -0.98897689580917358398
-1.1110072135925292969 -1.1110072135925292969 -1.1110072135925292969 -1.0729851722717285156 -1.0729851722717285156 -1.0729851722717285156 -1.0729851722717285156 -1.0729851722717285156 -1.0729851722717285156 -1.0729851722717285156 -1.0729851722717285156 -1.0729851722717285156 -1.053563237190246582 -1.053563237190246582 -1.053563237190246582 -1.053563237190246582 -1.053563237190246582 -1.053563237190246582 -1.053563237190246582 -1.053563237190246582 -1.053563237190246582 -1.0233123302459716797 -1.0233123302459716797 -1.0233123302459716797 -1.0233123302459716797 -1.0233123302459716797 -1.0167124271392822266 -1.0167124271392822266 -1.0150178670883178711 -1.0150178670883178711 -1.0159856081008911133 -1.0159856081008911133 -1.0159856081008911133 -1.009039759635925293 -1.009039759635925293 -1.00246429443359375 -1.00246429443359375 -0.99897813796997070312 -0.99897813796997070312 -0.9956798553466796875 -0.9956798553466796875 -0.9956798553466796875 -0.9956798553466796875 -0.9956798553466796875 -0.98897689580917358398 -0.98897689580917358398
-1.1110072135925292969 -1.1110072135925292969 -1.1110072135925292969 -1.0729851722717285156 -1.0729851722717285156 -1.0729851722717285156 -1.0729851722717285156 -1.0729851722717285156 -1.0729851722717285156 -1.0729851722717285156 -1.0729851722717285156 -1.0729851722717285156 -1.053563237190246582 -1.053563237190246582 -1.053563237190246582 -1.053563237190246582 -1.053563237190246582 -1.053563237190246582 -1.053563237190246582 -1.053563237190246582 -1.053563237190246582 -1.0233123302459716797 -1.0233123302459716797 -1.0233123302459716797 -1.0233123302459716797 -1.0233123302459716797 -1.0167124271392822266 -1.0167124271392822266 -1.0150178670883178711 -1.0150178670883178711 -1.0159856081008911133 -1.0159856081008911133 -1.0159856081008911133 -1.009039759635925293 -1.009039759635925293 -1.00246429443359375 -1.00246429443359375 -0.99897813796997070312 -0.99897813796997070312 -0.9956798553466796875 -0.9956798553466796875 -0.9956798553466796875 -0.9956798553466796875 -0.9956798553466796875 -0.98897689580917358398 -0.98897689580917358398
-1.0620688199996948242 -1.0620688199996948242 -1.0620688199996948242 -1.0346224308013916016 -1.0346224308013916016 -1.0346224308013916016 -1.0346224308013916016 -1.0346224308013916016 -1.0346224308013916016 -1.0346224308013916016 -1.0346224308013916016 -1.0346224308013916016 -1.0224303007125854492 -1.0224303007125854492 -1.0224303007125854492 -1.0224303007125854492 -1.0224303007125854492 -1.0224303007125854492 -1.0224303007125854492 -1.0224303007125854492 -1.0224303007125854492 -1.0148587226867675781 -1.0148587226867675781 -1.0148587226867675781 -1.0148587226867675781 -1.0148587226867675781 -1.0112518072128295898 -1.0112518072128295898 -1.0112518072128295898 -1.0112518072128295898 -1.0061718225479125977 -1.0061718225479125977 -1.0061718225479125977 -1.0061718225479125977 -1.0061718225479125977 -0.99530720710754394531 -0.99530720710754394531 -0.99530720710754394531 -0.99530720710754394531 -0.98416811227798461914 -0.98416811227798461914 -0.98416811227798461914 -0.98416811227798461914 -0.98416811227798461914 -0.98416811227798461914 -0.98416811227798461914
-1.0620688199996948242 -1.0620688199996948242 -1.0620688199996948242 -1.0346224308013916016 -1.0346224308013916016 -1.0346224308013916016 -1.0346224308013916016 -1.0346224308013916016 -1.0346224308013916016 -1.0346224308013916016 -1.0346224308013916016 -1.0346224308013916016 -1.0224303007125854492 -1.0224303007125854492 -1.0224303007125854492 -1.0224303007125854492 -1.0224303007125854492 -1.0224303007125854492 -1.0224303007125854492 -1.0224303007125854492 -1.0224303007125854492 -1.0148587226867675781 -1.0148587226867675781 -1.0148587226867675781 -1.0148587226867675781 -1.0148587226867675781 -1.0112518072128295898 -1.0112518072128295898 -1.0112518072128295898 -1.0112518072128295898 -1.0061718225479125977 -1.0061718225479125977 -1.0061718225479125977 -1.0061718225479125977 -1.0061718225479125977 -0.99530720710754394531 -0.99530720710754394531 -0.99530720710754394531 -0.99530720710754394531 -0.99530720710754394531 -0.98416811227798461914 -0.98416811227798461914 -0.98416811227798461914 -0.98416811227798461914 -0.98416811227798461914 -0.98416811227798461914
-1.0620688199996948242 -1.0620688199996948242 -1.0620688199996948242 -1.0346224308013916016 -1.0346224308013916016 -1.0346224308013916016 -1.0346224308013916016 -1.0346224308013916016 -1.0346224308013916016 -1.0346224308013916016 -1.0346224308013916016 -1.0346224308013916016 -1.0224303007125854492 -1.0224303007125854492 -1.0224303007125854492 -1.0224303007125854492 -1.0224303007125854492 -1.0224303007125854492 -1.0224303007125854492 -1.0224303007125854492 -1.0224303007125854492 -1.0148587226867675781 -1.0148587226867675781 -1.0148587226867675781 -1.0148587226867675781 -1.0148587226867675781 -1.0112518072128295898 -1.0112518072128295898 -1.0112518072128295898 -1.0112518072128295898 -1.0061718225479125977 -1.0061718225479125977 -1.0061718225479125977 -1.0061718225479125977 -1.0061718225479125977 -0.99530720710754394531 -0.99530720710754394531 -0.99530720710754394531 -0.99530720710754394531 -0.99045908451080322266 -0.98416811227798461914 -0.98416811227798461914 -0.98416811227798461914 -0.98416811227798461914 -0.98416811227798461914 -0.98416811227798461914
-1.0620688199996948242 -1.0620688199996948242 -1.0620688199996948242 -1.0346224308013916016 -1.0346224308013916016 -1.0346224308013916016 -1.0346224308013916016 -1.0346224308013916016 -1.0346224308013916016 -1.0346224308013916016 -1.0346224308013916016 -1.0346224308013916016 -1.0224303007125854492 -1.0224303007125854492 -1.0224303007125854492 -1.0224303007125854492 -1.0224303007125854492 -1.0224303007125854492 -1.0224303007125854492 -1.0224303007125854492 -1.0224303007125854492 -1.0087759494781494141 -1.0087759494781494141 -1.0087759494781494141 -1.0087759494781494141 -1.0087759494781494141 -1.0067610740661621094 -1.0067610740661621094 -1.0067610740661621094 -1.0067610740661621094 -0.99637174606323242188 -0.99637174606323242188 -0.99637174606323242188 -0.99637174606323242188 -0.99637174606323242188 -0.99045908451080322266 -0.99045908451080322266 -0.99045908451080322266 -0.99045908451080322266 -0.99045908451080322266 -0.98416811227798461914 -0.98416811227798461914 -0.98416811227798461914 -0.98416811227798461914 -0.98416811227798461914 -0.98416811227798461914
-1.0620688199996948242 -1.0620688199996948242 -1.0620688199996948242 -1.0346224308013916016 -1.0346224308013916016 -1.0346224308013916016 -1.0346224308013916016 -1.0346224308013916016 -1.0346224308013916016 -1.0346224308013916016 -1.0346224308013916016 -1.0346224308013916016 -1.0224303007125854492 -1.0224303007125854492 -1.0224303007125854492 -1.0224303007125854492 -1.0224303007125854492 -1.0224303007125854492 -1.0224303007125854492 -1.0224303007125854492 -1.0224303007125854492 -1.0087759494781494141 -1.0087759494781494141 -1.0087759494781494141 -1.0087759494781494141 -1.0087759494781494141 -1.0067610740661621094 -1.0067610740661621094 -1.0067610740661621094 -1.0067610740661621094 -0.99637174606323242188 -0.99637174606323242188 -0.99637174606323242188 -0.99637174606323242188 -0.99637174606323242188 -0.99045908451080322266 -0.99045908451080322266 -0.99045908451080322266 -0.99045908451080322266 -0.99045908451080322266 -0.98416811227798461914 -0.98416811227798461914 -0.98416811227798461914 -0.98416811227798461914 -0.98416811227798461914 -0.98416811227798461914
-1.0211375951766967773 -1.0211375951766967773 -1.0211375951766967773 -1.0103547573089599609 -1.0103547573089599609 -1.0103547573089599609 -1.0103547573089599609 -1.0103547573089599609 -1.0103547573089599609 -1.0103547573089599609 -1.0103547573089599609 -1.0103547573089599609 -0.99651557207107543945 -0.99651557207107543945 -0.99651557207107543945 -0.99651557207107543945 -0.99651557207107543945 -0.99651557207107543945 -0.99651557207107543945 -0.99651557207107543945 -0.99651557207107543945 -0.99671071767807006836 -0.99671071767807006836 -0.99671071767807006836 -0.99671071767807006836 -0.99671071767807006836 -0.99671071767807006836 -0.99671071767807006836 -0.99671071767807006836 -0.99671071767807006836 -0.97189718484878540039 -0.97189718484878540039 -0.97189718484878540039 -0.97189718484878540039 -0.97189718484878540039 -0.97189718484878540039 -0.97189718484878540039 -0.97189718484878540039 -0.97189718484878540039 -0.97189718484878540039 -0.96527051925659179688 -0.96527051925659179688 -0.96527051925659179688 -0.96527051925659179688 -0.96527051925659179688 -0.96527051925659179688
-1.0211375951766967773 -1.0211375951766967773 -1.0211375951766967773 -1.0103547573089599609 -1.0103547573089599609 -1.0103547573089599609 -1.0103547573089599609 -1.0103547573089599609 -1.0103547573089599609 -1.0103547573089599609 -1.0103547573089599609 -1.0103547573089599609 -0.99651557207107543945 -0.99651557207107543945 -0.99651557207107543945 -0.99651557207107543945 -0.99651557207107543945 -0.99651557207107543945 -0.99651557207107543945 -0.99651557207107543945 -0.99651557207107543945 -0.99671071767807006836 -0.99671071767807006836 -0.99671071767807006836 -0.99671071767807006836 -0.99671071767807006836 -0.99671071767807006836 -0.99671071767807006836 -0.99671071767807006836 -0.99671071767807006836 -0.97189718484878540039 -0.97189718484878540039 -0.97189718484878540039 -0.97189718484878540039 -0.97189718484878540039 -0.97189718484878540039 -0.97189718484878540039 -0.97189718484878540039 -0.97189718484878540039 -0.97189718484878540039 -0.96527051925659179688 -0.96527051925659179688 -0.96527051925659179688 -0.96527051925659179688 -0.96527051925659179688 -0.96527051925659179688
-1.0211375951766967773 -1.0211375951766967773 -1.0211375951766967773 -1.0103547573089599609 -1.0103547573089599609 -1.0103547573089599609 -1.0103547573089599609 -1.0103547573089599609 -1.0103547573089599609 -1.0103547573089599609 -1.0103547573089599609 -1.0103547573089599609 -0.99651557207107543945 -0.99651557207107543945 -0.99651557207107543945 -0.99651557207107543945 -0.99651557207107543945 -0.99651557207107543945 -0.99651557207107543945 -0.99651557207107543945 -0.99651557207107543945 -0.99671071767807006836 -0.99671071767807006836 -0.99671071767807006836 -0.99671071767807006836 -0.99671071767807006836 -0.99671071767807006836 -0.99671071767807006836 -0.99671071767807006836 -0.99671071767807006836 -0.97189718484878540039 -0.97189718484878540039 -0.97189718484878540039 -0.97189718484878540039 -0.97189718484878540039 -0.97189718484878540039 -0.97189718484878540039 -0.97189718484878540039 -0.97189718484878540039 -0.97189718484878540039 -0.96527051925659179688 -0.96527051925659179688 -0.96527051925659179688 -0.96527051925659179688 -0.96527051925659179688 -0.96527051925659179688
-1.0211375951766967773 -1.0211375951766967773 -1.0211375951766967773 -1.0103547573089599609 -1.0103547573089599609 -1.0103547573089599609 -1.0103547573089599609 -1.0103547573089599609 -1.0103547573089599609 -1.0103547573089599609 -1.0103547573089599609 -1.0103547573089599609 -0.99651557207107543945 -0.99651557207107543945 -0.99651557207107543945 -0.99651557207107543945 -0.99651557207107543945 -0.99651557207107543945 -0.99651557207107543945 -0.99651557207107543945 -0.99651557207107543945 -0.99671071767807006836 -0.99671071767807006836 -0.99671071767807006836 -0.99671071767807006836 -0.99671071767807006836 -0.99671071767807006836 -0.99671071767807006836 -0.99671071767807006836 -0.99671071767807006836 -0.97189718484878540039 -0.97189718484878540039 -0.97189718484878540039 -0.97189718484878540039 -0.97189718484878540039 -0.97189718484878540039 -0.97189718484878540039 -0.97189718484878540039 -0.97189718484878540039 -0.97189718484878540039 -0.96527051925659179688 -0.96527051925659179688 -0.96527051925659179688 -0.96527051925659179688 -0.96527051925659179688 -0.96527051925659179688
-1.0211375951766967773 -1.0211375951766967773 -1.0211375951766967773 -1.0103547573089599609 -1.0103547573089599609 -1.0103547573089599609 -1.0103547573089599609 -1.0103547573089599609 -1.0103547573089599609 -1.0103547573089599609 -1.0103547573089599609 -1.0103547573089599609 -0.99651557207107543945 -0.99651557207107543945 -0.99651557207107543945 -0.99651557207107543945 -0.99651557207107543945 -0.99651557207107543945 -0.99651557207107543945 -0.99651557207107543945 -0.99651557207107543945 -0.99671071767807006836 -0.99671071767807006836 -0.99671071767807006836 -0.99671071767807006836 -0.99671071767807006836 -0.99671071767807006836 -0.99671071767807006836 -0.99671071767807006836 -0.99671071767807006836 -0.97189718484878540039 -0.97189718484878540039 -0.97189718484878540039 -0.97189718484878540039 -0.97189718484878540039 -0.97189718484878540039 -0.97189718484878540039 -0.97189718484878540039 -0.97189718484878540039 -0.97189718484878540039 -0.96527051925659179688 -0.96527051925659179688 -0.96527051925659179688 -0.96527051925659179688 -0.96527051925659179688 -0.96527051925659179688
