data/demo/waterlevel_0min_40x40m.asc
ncols        561
nrows        278
xllcorner    4.817258165162
yllcorner    52.370746892638
cellsize     0.000511251697
NODATA_value  -9999
[rows 80 to 99 of 278, columns 45 to 89 of 561]
-9999 -9999 0.31999999284744262695 0.18999999761581420898 -1.2000000476837158203 -1.2000000476837158203 -0.54399967193603515625 -2.7100000381469726562 -3.5199999809265136719 -3.5099999904632568359 -3.4800000190734863281 -3.6300001144409179688 -3.6900000572204589844 -3.6900000572204589844 -3.6039996147155761719 -3.7899999618530273438 -3.7599999904632568359 -3.8199999332427978516 -3.7899999618530273438 -3.7599999904632568359 -3.6700000762939453125 -3.6700000762939453125 -3.4619998931884765625 2.0780000686645507812 -3.9100000858306884766 -4.1100001335144042969 -4.1500000953674316406 -3.9800000190734863281 -3.9800000190734863281 -4.090000152587890625 -4.3800001144409179688 -3.29199981689453125 -3.8299999237060546875 -3.6500000953674316406 -4.0599999427795410156 -3.4100000858306884766 -3.4100000858306884766 -3.7100000381469726562 -4.5999999046325683594 -3.8699998855590820312 -4.1300001144409179688 -4.0500001907348632812 -3.9700000286102294922 -3.9700000286102294922 -3.9200000762939453125
2.0040004253387451172 -1.4500000476837158203 -1.3400000333786010742 6.4960002899169921875 -0.37000000476837158203 -0.37000000476837158203 -0.28000000119209289551 -0.28000000119209289551 -0.88999998569488525391 -1.2000000476837158203 -0.98000001907348632812 -3.0699999332427978516 -2.9500000476837158203 -2.9500000476837158203 -4.5999999046325683594 -4.1199998855590820312 -4.0500001907348632812 -4.0199999809265136719 -3.9900000095367431641 -3.8299999237060546875 -3.8299999237060546875 -3.5799999237060546875 -2.9800000190734863281 2.2780001163482666016 -4.1399998664855957031 -4.2300000190734863281 -4.1300001144409179688 -4.0799999237060546875 -4.0799999237060546875 -2.7899999618530273438 -3.4400000572204589844 -3.5099999904632568359 -3.5999999046325683594 -3.6500000953674316406 -3.9300000667572021484 -3.9920001029968261719 -3.9920001029968261719 -4.0300002098083496094 -4.5999999046325683594 -4.0399999618530273438 -4.1999998092651367188 -2.7100000381469726562 -4.5999999046325683594 -4.5999999046325683594 -4.0999999046325683594
-0.37999999523162841797 -0.04999999701976776123 -0.25999999046325683594 -0.089999988675117492676 0 0 -0.50999999046325683594 -0.25 -0.0099999904632568359375 -0.56999999284744262695 -1.1699999570846557617 -1.2000000476837158203 -0.76700001955032348633 -0.76700001955032348633 0.15299996733665466309 0.38299998641014099121 0.082999974489212036133 -0.94700002670288085938 -1.9099999666213989258 -2.4900000095367431641 -2.4900000095367431641 -2.8299999237060546875 -3.0999999046325683594 4.75 -3 -3.0199999809265136719 -2.8699998855590820312 -4.090000152587890625 -4.090000152587890625 -4.1700000762939453125 -4.0300002098083496094 -4.0700001716613769531 -4.2699999809265136719 -3.8699998855590820312 -4.2300000190734863281 -3.9600000381469726562 -3.9600000381469726562 -4.0399999618530273438 -4.2699999809265136719 -4.5999999046325683594 -4.5999999046325683594 -4.5999999046325683594 -4.5999999046325683594 -4.5999999046325683594 -4.5999999046325683594
-0.15000000596046447754 -0.069999992847442626953 -0.49000000953674316406 -0.36000001430511474609 0 0 -0.36000001430511474609 -0.030000001192092895508 -0.16999998688697814941 -0.5370000004768371582 -0.40999999642372131348 -0.21999999880790710449 -1.4500000476837158203 -1.4500000476837158203 -1.4500000476837158203 -1.4500000476837158203 -1.4500000476837158203 -1.4500000476837158203 -1.4500000476837158203 -1.2699999809265136719 -1.2699999809265136719 -1.4500000476837158203 2.0600001811981201172 -1.4500000476837158203 -1.4500000476837158203 -0.57999998331069946289 -0.18000000715255737305 -3.25 -3.25 -3.7999999523162841797 -3.1300001144409179688 -3.7699999809265136719 -3.7899999618530273438 3.2780003547668457031 -3.8499999046325683594 -3.75 -3.75 -3.2799999713897705078 -3.7699999809265136719 -3.9700000286102294922 -3.8800001144409179688 -4.5999999046325683594 -4.5999999046325683594 -4.5999999046325683594 -4.5999999046325683594
-0.20999999344348907471 -0.48100000619888305664 -0.49100002646446228027 8.3529996871948242188 0.050000004470348358154 0.050000004470348358154 -0.030000001192092895508 0.030000008642673492432 -0.59700000286102294922 -0.47999998927116394043 -0.5370000004768371582 -0.44999998807907104492 -0.059999987483024597168 -0.059999987483024597168 -1.2300000190734863281 -1.4500000476837158203 -1.4500000476837158203 -1.4500000476837158203 -1.4600000381469726562 -1.3099999427795410156 -1.3099999427795410156 -0.88999998569488525391 2.2100000381469726562 -1.4500000476837158203 -1.4500000476837158203 -0.56999999284744262695 0.17000000178813934326 0.34000000357627868652 0.34000000357627868652 -1.2799999713897705078 -1.7000000476837158203 -3.5199999809265136719 -3.9700000286102294922 -3.8399999141693115234 -3.7100000381469726562 -3.7100000381469726562 -3.3599998950958251953 -3.7699999809265136719 -3.6900000572204589844 -3.8499999046325683594 -4.0799999237060546875 -4.5999999046325683594 -4.5999999046325683594 -4.5999999046325683594 -4.5999999046325683594
-0.25999999046325683594 -0.23000000417232513428 -0.12999999523162841797 -0.28999999165534973145 -0.50999999046325683594 -0.50999999046325683594 0.050000004470348358154 -0.3970000147819519043 -0.28999999165534973145 2.5829999446868896484 -0.039999991655349731445 -0.40999999642372131348 -0.23999999463558197021 -0.23999999463558197021 -0.51999998092651367188 -0.69999998807907104492 -1.379999995231628418 -1.3500000238418579102 -1.3899999856948852539 -1.1900000572204589844 -1.1900000572204589844 2.0599999427795410156 -0.80000001192092895508 -1.4500000476837158203 -1.4500000476837158203 -1.2699999809265136719 -1.4500000476837158203 -1.4500000476837158203 -1.4500000476837158203 0.25999999046325683594 -1.4199999570846557617 -1.879999995231628418 -2.0699999332427978516 -1.8300000429153442383 -1.2400000095367431641 -1.2400000095367431641 -1.25 -1.9199999570846557617 -3.7799999713897705078 -3.9000000953674316406 -3.5099999904632568359 -3.9000000953674316406 -4.5999999046325683594 -4.5999999046325683594 -3.2999999523162841797
-0.070000000298023223877 -0.44999998807907104492 -0.30000001192092895508 -0.27700003981590270996 0 0 -0.12999999523162841797 -0.46000000834465026855 -0.34000000357627868652 -1.4500000476837158203 -1.0700000524520874023 -0.12999999523162841797 -0.12999999523162841797 -0.23999999463558197021 -0.04999999701976776123 -0.69999998807907104492 -1.4500000476837158203 -1.3500000238418579102 -1.4600000381469726562 -1.4500000476837158203 -1.4500000476837158203 2.0199999809265136719 -0.75999993085861206055 -1.4500000476837158203 -1.3300000429153442383 -1.8200000524520874023 -1.4099999666213989258 -0.82999998331069946289 -0.82999998331069946289 -1.5900000333786010742 -0.93000000715255737305 -1.4500000476837158203 -2.1600000858306884766 -2.0899999141693115234 -2.0999999046325683594 -2.0999999046325683594 -1.9700000286102294922 -1.4500000476837158203 -1.4800000190734863281 -1.2300000190734863281 -1.7899999618530273438 -3.2200000286102294922 -3.3599998950958251953 -3.3599998950958251953 -3.1319997310638427734
-0.10000000149011611938 -1.4500000476837158203 0.030000008642673492432 -0.31999999284744262695 5.7829999923706054688 5.7829999923706054688 0.12000000476837158203 -1.4500000476837158203 -1.4500000476837158203 -1.2599999904632568359 -1.1770000457763671875 -0.31999999284744262695 -0.31999999284744262695 -0.43000000715255737305 -1.4500000476837158203 -1.6000000238418579102 -1.5800000429153442383 -1.4500000476837158203 -1.3400000333786010742 -1.0599999427795410156 -1.0599999427795410156 2.25 -1.4500000476837158203 -1.0299999713897705078 -1.4500000476837158203 -1.4500000476837158203 -1.4199999570846557617 -1.6900000572204589844 -1.6900000572204589844 -1.8600000143051147461 -1.870000004768371582 -1.7300000190734863281 -1.3400000333786010742 -1.8300000429153442383 -1.3300000429153442383 -1.3300000429153442383 -1.4500000476837158203 -2.0399999618530273438 -2.0799999237060546875 -2.2699999809265136719 -1.4500000476837158203 -1.9099999666213989258 -2.2100000381469726562 -2.2100000381469726562 -1.9099999666213989258
-0.29100000858306884766 0.010000005364418029785 -0.52999997138977050781 -0.80000001192092895508 -1.25 -1.25 -1.2999999523162841797 -1.1399999856948852539 -1.0599999427795410156 -1.1399999856948852539 -1.3200000524520874023 -1.1499999761581420898 -1.1499999761581420898 -1.4500000476837158203 -1.6000000238418579102 -1.5900000333786010742 -1.5800000429153442383 -1.6000000238418579102 -1.2200000286102294922 2.0499999523162841797 2.0499999523162841797 -0.81000000238418579102 -1.2100000381469726562 -1.3600000143051147461 -1.370000004768371582 -1.4500000476837158203 -1.4400000572204589844 -1.3999999761581420898 -1.3999999761581420898 -1.629999995231628418 -1.7899999618530273438 -1.7100000381469726562 -1.5599999427795410156 -1.5199999809265136719 -1.4700000286102294922 -1.4700000286102294922 -1.7400000095367431641 -1.4800000190734863281 -1.9900000095367431641 -1.8200000524520874023 -1.9800000190734863281 -1.4500000476837158203 -1.5 -1.5 -1.9199999570846557617
-0.55000001192092895508 -0.23999999463558197021 -1.4500000476837158203 -0.11700002849102020264 -1.0499999523162841797 -1.0499999523162841797 -1.4500000476837158203 -1.2899999618530273438 -1.1100000143051147461 -1.3099999427795410156 -1.4500000476837158203 -1.2599999904632568359 -1.2599999904632568359 -1.120000004768371582 -1.5800000429153442383 -1.629999995231628418 -1.5800000429153442383 -1.6000000238418579102 -1.4500000476837158203 2.0099999904632568359 2.0099999904632568359 -1.4500000476837158203 -1.4500000476837158203 -1.620000004768371582 -1.379999995231628418 -1.4199999570846557617 -1.4500000476837158203 -1.4500000476837158203 -1.4299999475479125977 -1.4500000476837158203 -1.3200000524520874023 -1.7699999809265136719 -1.7400000095367431641 -1.379999995231628418 -1.5900000333786010742 -1.5900000333786010742 -1.4500000476837158203 -1.6900000572204589844 -1.6599999666213989258 -1.3300000429153442383 -1.4400000572204589844 -1.1399999856948852539 -1.2899999618530273438 -1.2899999618530273438 -1.1399999856948852539
-1.0199999809265136719 -1.0310000181198120117 -1.0700000524520874023 -1.4500000476837158203 -1.129999995231628418 -1.129999995231628418 -0.89999997615814208984 -1.4500000476837158203 -1.2200000286102294922 -1.0800000429153442383 -1.3600000143051147461 -1.2599999904632568359 -1.2599999904632568359 -1.4900000095367431641 -1.256999969482421875 -1.4400000572204589844 -1.5199999809265136719 -1.4199999570846557617 0.62999999523162841797 2.1500000953674316406 2.1500000953674316406 -1.2000000476837158203 -1.4500000476837158203 -1.5599999427795410156 -1.4500000476837158203 -1.4500000476837158203 -1.1599999666213989258 -1.1599999666213989258 -1.3099999427795410156 -1.4500000476837158203 -1.4299999475479125977 -1.370000004768371582 -1.4500000476837158203 -1.370000004768371582 -1.7899999618530273438 -1.7899999618530273438 -1.6000000238418579102 -1.6100000143051147461 -1.3400000333786010742 -1.370000004768371582 -1.5099999904632568359 -1.3400000333786010742 -1.3500000238418579102 -1.3500000238418579102 -1.3899999856948852539
-0.93999999761581420898 -1.1809999942779541016 -0.69999998807907104492 6.6820001602172851562 6.6820001602172851562 4.1719999313354492188 -1.2699999809265136719 -1.3099999427795410156 -1.1799999475479125977 -1.1100000143051147461 -1.4500000476837158203 -1.3200000524520874023 -1.3200000524520874023 -1.4500000476837158203 -1.3500000238418579102 -1.1900000572204589844 -1.25 -1.2799999713897705078 2.0399999618530273438 -0.92000001668930053711 -0.92000001668930053711 -1.3400000333786010742 -1.379999995231628418 -1.4500000476837158203 -1.4900000095367431641 -1.2799999713897705078 -1.3899999856948852539 -1.3899999856948852539 -1.3600000143051147461 -1.379999995231628418 -1.4500000476837158203 -1.4800000190734863281 -1.4700000286102294922 -1.4500000476837158203 -1.3600000143051147461 -1.3600000143051147461 -1.4800000190734863281 -1.6900000572204589844 -1.370000004768371582 -1.370000004768371582 -1.4500000476837158203 -1.4400000572204589844 -1.4400000572204589844 -1.4199999570846557617 -1.3500000238418579102
-1.2100000381469726562 -1.0199999809265136719 -1.1000000238418579102 -1.2899999618530273438 -1.2899999618530273438 -1.2000000476837158203 -1.1699999570846557617 -1.2180000543594360352 -1.2300000190734863281 -1.4500000476837158203 -1.1900000572204589844 -1.2899999618530273438 -1.2899999618530273438 -1.2799999713897705078 -1.370000004768371582 -1.2899999618530273438 -1.2300000190734863281 -0.76999998092651367188 2.1979999542236328125 -1.2000000476837158203 -1.2000000476837158203 -1.4500000476837158203 -1.4400000572204589844 -1.3899999856948852539 -1.0800000429153442383 -1.3200000524520874023 -1.4199999570846557617 -1.4199999570846557617 -1.3600000143051147461 -1.2899999618530273438 -1.3400000333786010742 -1.3999999761581420898 -1.4500000476837158203 -1.3999999761581420898 -1.3400000333786010742 -1.3400000333786010742 -1.3300000429153442383 -1.4500000476837158203 -1.0900000333786010742 -1.3400000333786010742 -1.2699999809265136719 -1.3200000524520874023 -1.3200000524520874023 -1.2699999809265136719 -1.2699999809265136719
-1.0299999713897705078 -0.32100003957748413086 -0.23999999463558197021 -1.4500000476837158203 -1.4500000476837158203 -1.3400000333786010742 -1.0399999618530273438 -1.0700000524520874023 -1.4299999475479125977 -1.120000004768371582 -1.2300000190734863281 -1.3600000143051147461 -1.3600000143051147461 -1.2300000190734863281 -1.3200000524520874023 -1.2200000286102294922 -1.2000000476837158203 0.68999999761581420898 2.0379998683929443359 2.0379998683929443359 -1.4500000476837158203 -1.3999999761581420898 -1.25 -1.3300000429153442383 -1.3500000238418579102 -1.4500000476837158203 -1.3400000333786010742 -1.3400000333786010742 -1.2899999618530273438 -1.3400000333786010742 -1.3600000143051147461 -1.4500000476837158203 -1.3400000333786010742 -1.2999999523162841797 -1.2400000095367431641 -1.2400000095367431641 -1.3500000238418579102 -1.370000004768371582 -1.2000000476837158203 -1.3600000143051147461 -1.3999999761581420898 -1.3400000333786010742 -1.3400000333786010742 -1.2400000095367431641 -1.3200000524520874023
-0.10000000149011611938 -1.0777000188827514648 6.0689997673034667969 -0.93000000715255737305 -0.93000000715255737305 -0.97800004482269287109 -1.2000000476837158203 -1.0900000333786010742 -1.4500000476837158203 -1.3099999427795410156 -1.129999995231628418 -1.2000000476837158203 -1.2000000476837158203 -1.2999999523162841797 -1.2799999713897705078 -1.3099999427795410156 -1.1900000572204589844 2.0999999046325683594 -0.15999999642372131348 -0.15999999642372131348 -1.0599999427795410156 -1.2400000095367431641 -1.2599999904632568359 -1.3099999427795410156 -1.3200000524520874023 -1.2799999713897705078 -1.4500000476837158203 -1.4500000476837158203 -1.3300000429153442383 -1.2599999904632568359 -1.2899999618530273438 -1.3200000524520874023 -1.2599999904632568359 -1.379999995231628418 -1.3500000238418579102 -1.3500000238418579102 -1.3099999427795410156 -1.4500000476837158203 -1.2999999523162841797 -1.2599999904632568359 -1.2899999618530273438 -1.4500000476837158203 -1.4500000476837158203 -1.3200000524520874023 -1.2999999523162841797
-1.4500000476837158203 -1.4500000476837158203 -0.33000001311302185059 -0.50999999046325683594 -0.50999999046325683594 0.44999998807907104492 -1.0580000877380371094 -0.98000001907348632812 -0.30800005793571472168 -0.98000001907348632812 -1.0599999427795410156 -0.87999999523162841797 -0.87999999523162841797 -0.039999999105930328369 -0.88999998569488525391 -1.25 -0.58999997377395629883 2.4219999313354492188 -1.1799999475479125977 -1.1799999475479125977 -1.2999999523162841797 -1.2400000095367431641 -1.4500000476837158203 -1.4500000476837158203 -1.4500000476837158203 -1.4500000476837158203 -1.4500000476837158203 -1.4500000476837158203 -1.2100000381469726562 -1.4500000476837158203 -1.2799999713897705078 -1.370000004768371582 -1.3099999427795410156 -1.2699999809265136719 -1.4500000476837158203 -1.4500000476837158203 -1.3500000238418579102 -1.3099999427795410156 -1.4500000476837158203 -1.2599999904632568359 -1.4500000476837158203 -1.4500000476837158203 -1.4500000476837158203 -1.4500000476837158203 -1.2300000190734863281
-1.4500000476837158203 -1.4500000476837158203 -1.4299999475479125977 -1.4500000476837158203 -1.4500000476837158203 -0.66000002622604370117 -1.4500000476837158203 -1 -0.93000000715255737305 -0.92000001668930053711 -0.68000000715255737305 -1.0499999523162841797 -1.0499999523162841797 -1.0199999809265136719 -0.91000002622604370117 -1.0399999618530273438 1.7699999809265136719 2.5720000267028808594 -1.2000000476837158203 -1.2000000476837158203 -1.4500000476837158203 -1.2699999809265136719 -1.2400000095367431641 -1.3300000429153442383 -1.1900000572204589844 -1.379999995231628418 -1.370000004768371582 -1.370000004768371582 -1.4500000476837158203 -1.25 -1.2699999809265136719 -1.2300000190734863281 -1.4500000476837158203 -1.370000004768371582 -1.370000004768371582 -1.3200000524520874023 -1.4500000476837158203 -1.2699999809265136719 -1.2699999809265136719 -1.4500000476837158203 -1.3500000238418579102 -1.3500000238418579102 -1.3500000238418579102 -1.3099999427795410156 -1.1699999570846557617
-1.4500000476837158203 -1.4500000476837158203 -1.4500000476837158203 -1.4500000476837158203 -1.4500000476837158203 -1.4500000476837158203 -0.75999999046325683594 -0.81999999284744262695 -0.52999997138977050781 -0.66000002622604370117 -0.83999997377395629883 -0.94999998807907104492 -0.94999998807907104492 -0.87999999523162841797 -0.82999998331069946289 -1.4500000476837158203 3.381999969482421875 -0.87999999523162841797 -1.3400000333786010742 -1.3400000333786010742 -1.3200000524520874023 -1.3999999761581420898 -1.3300000429153442383 -1.2400000095367431641 -1.2400000095367431641 -1.2999999523162841797 -1.4500000476837158203 -1.4500000476837158203 -1.3099999427795410156 -1.4199999570846557617 -1.4500000476837158203 -1.4500000476837158203 -1.2799999713897705078 -1.2899999618530273438 -1.2899999618530273438 -1.4500000476837158203 -1.4500000476837158203 -1.2200000286102294922 -1.4500000476837158203 -1.2899999618530273438 -1.2000000476837158203 -1.2599999904632568359 -1.2599999904632568359 -1.4500000476837158203 -1.2100000381469726562
-1.4500000476837158203 -1.4500000476837158203 -1.4500000476837158203 -1.4500000476837158203 -1.4500000476837158203 -1.4500000476837158203 -1.4500000476837158203 -0.34000000357627868652 0.23999999463558197021 -0.57999998331069946289 -0.68999999761581420898 -0.68999999761581420898 -0.89999997615814208984 -0.87000000476837158203 -0.98000001907348632812 0.10000000149011611938 3.8619999885559082031 -1.4500000476837158203 -1.25 -1.25 -1.4700000286102294922 -1.379999995231628418 -1.3400000333786010742 -1.4400000572204589844 -1.3099999427795410156 -1.25 -1.2200000286102294922 -1.2200000286102294922 -1.4500000476837158203 -1.4500000476837158203 -1.2000000476837158203 -1.2200000286102294922 -1.4500000476837158203 -1.3300000429153442383 -1.3300000429153442383 -1.0900000333786010742 -1.4500000476837158203 -1.4500000476837158203 -1.4500000476837158203 -1.1100000143051147461 -1.4500000476837158203 -1.2799999713897705078 -1.2799999713897705078 -1.2599999904632568359 -1.4400000572204589844
-1.4500000476837158203 -1.4500000476837158203 -1.4500000476837158203 -1.4500000476837158203 -1.4500000476837158203 -1.4500000476837158203 -1.4500000476837158203 -0.10999999940395355225 -0.63999998569488525391 -1.1000000238418579102 -0.61000001430511474609 -0.61000001430511474609 -0.69999998807907104492 -0.85000002384185791016 -0.87999999523162841797 4.9819998741149902344 4.6719999313354492188 -0.43800008296966552734 -1.4500000476837158203 -1.4500000476837158203 -1.4500000476837158203 -1.4500000476837158203 -1.2300000190734863281 -1.3400000333786010742 -1.3600000143051147461 -1.4500000476837158203 -1.2699999809265136719 -1.2699999809265136719 -1.379999995231628418 -1.3500000238418579102 -1.2599999904632568359 -1.2100000381469726562 -1.3099999427795410156 -1.3200000524520874023 -1.3200000524520874023 -0.88999998569488525391 -0.97000002861022949219 -1.1399999856948852539 -1.0499999523162841797 -1.4500000476837158203 -1.25 -1.2699999809265136719 -1.2699999809265136719 -1.2999999523162841797 -1.0599999427795410156
