data/demo/waterlevel_360min_40x40m.asc
ncols        561
nrows        278
xllcorner    4.817258165162
yllcorner    52.370746892638
cellsize     0.000511251697
NODATA_value  -9999
[rows 168 to 188 of 278, columns 92 to 137 of 561]
-9999 -9999 -9999 -9999 -9999 -9999 -9999 -9999 -9999 -9999 -9999 -9999 -9999 -9999 -9999 -9999 6.1100001335144042969 6.1100001335144042969 0.059999998658895492554 0.059999998658895492554 0.059999998658895492554 -1.4500000476837158203 -1.4500000476837158203 -1.4500000476837158203 -1.4500000476837158203 -1.4500000476837158203 -1.4500000476837158203 -1.4500000476837158203 -1.4500000476837158203 -1.4500000476837158203 -1.5199999809265136719 -1.5199999809265136719 -1.5199999809265136719 -1.5199999809265136719 -1.5099999904632568359 -1.5099999904632568359 -1.5099999904632568359 -1.5099999904632568359 -1.5099999904632568359 -1.5700000524520874023 -1.5700000524520874023 -1.5700000524520874023 -1.5700000524520874023 -1.5700000524520874023 -1.5 -1.5
-9999 -9999 -9999 -9999 -9999 -9999 -9999 -9999 -9999 -9999 -9999 -9999 -9999 -9999 -9999 -9999 6.1100001335144042969 6.1100001335144042969 0.059999998658895492554 0.059999998658895492554 0.059999998658895492554 -1.4500000476837158203 -1.4500000476837158203 -1.4500000476837158203 -1.4500000476837158203 -1.4500000476837158203 -1.4500000476837158203 -1.4500000476837158203 -1.4500000476837158203 -1.4500000476837158203 -1.5199999809265136719 -1.5199999809265136719 -1.5199999809265136719 -1.5199999809265136719 -1.5099999904632568359 -1.5099999904632568359 -1.5099999904632568359 -1.5099999904632568359 -1.5099999904632568359 -1.5700000524520874023 -1.5700000524520874023 -1.5700000524520874023 -1.5700000524520874023 -1.5700000524520874023 -1.5 -1.5
-9999 -9999 -9999 -9999 -9999 -9999 -9999 -9999 -9999 -9999 -9999 -9999 -9999 -9999 -9999 -9999 1.2400000095367431641 1.2400000095367431641 1.3600000143051147461 1.3600000143051147461 1.3600000143051147461 -0.14000000059604644775 -0.14000000059604644775 -1.4500000476837158203 -1.4500000476837158203 -1.4500000476837158203 -1.4500000476837158203 -1.4500000476837158203 -1.4500000476837158203 -1.4500000476837158203 -1.5199999809265136719 -1.5199999809265136719 -1.5199999809265136719 -1.5199999809265136719 -1.5099999904632568359 -1.5099999904632568359 -1.5099999904632568359 -1.5099999904632568359 -1.5099999904632568359 -1.5700000524520874023 -1.5700000524520874023 -1.5700000524520874023 -1.5700000524520874023 -1.5700000524520874023 -1.5 -1.5
-9999 -9999 1.75 1.75 1.75 1.75 1.75 1.75 1.75 1.75 1.75 0.68999999761581420898 0.68999999761581420898 0.68999999761581420898 0.68999999761581420898 0.68999999761581420898 -1.7200000286102294922 -1.7200000286102294922 -1.7200000286102294922 -1.7200000286102294922 -1.7200000286102294922 -3.4500000476837158203 -3.4500000476837158203 0.0099999997764825820923 0.0099999997764825820923 -1.4500000476837158203 -1.4500000476837158203 -1.4500000476837158203 -1.4500000476837158203 -1.4500000476837158203 -1.4500000476837158203 -1.4500000476837158203 -1.4500000476837158203 -1.4500000476837158203 -1.4500000476837158203 -1.4500000476837158203 -1.4500000476837158203 -1.4500000476837158203 -1.4500000476837158203 -0.37999999523162841797 -0.37999999523162841797 0.46000000834465026855 0.46000000834465026855 0.46000000834465026855 -0.98000001907348632812 -0.98000001907348632812
-9999 -9999 1.75 1.75 1.75 1.75 1.75 1.75 1.75 1.75 1.75 0.68999999761581420898 0.68999999761581420898 0.68999999761581420898 0.68999999761581420898 0.68999999761581420898 -1.7200000286102294922 -1.7200000286102294922 -1.7200000286102294922 -1.7200000286102294922 -1.7200000286102294922 -3.4500000476837158203 -3.4500000476837158203 -1.7200000286102294922 -1.7200000286102294922 -1.4500000476837158203 -1.4500000476837158203 -1.4500000476837158203 -1.4500000476837158203 -1.4500000476837158203 -1.4500000476837158203 -1.4500000476837158203 1.5499999523162841797 1.5499999523162841797 -1.4500000476837158203 -1.4500000476837158203 -1.4500000476837158203 -1.4500000476837158203 -1.4500000476837158203 -1.4500000476837158203 -1.4500000476837158203 -1.4500000476837158203 -1.4500000476837158203 -1.4500000476837158203 -1.4500000476837158203 -1.4500000476837158203
-9999 -9999 1.75 1.75 1.75 1.75 1.75 1.75 1.75 1.75 1.75 0.68999999761581420898 0.68999999761581420898 0.68999999761581420898 0.68999999761581420898 0.68999999761581420898 -1.7200000286102294922 -1.7200000286102294922 -1.7200000286102294922 -1.7200000286102294922 -1.7200000286102294922 -3.4500000476837158203 -3.4500000476837158203 -1.7200000286102294922 -1.7200000286102294922 -1.4500000476837158203 -1.4500000476837158203 -1.4500000476837158203 -1.4500000476837158203 -1.4500000476837158203 -1.4500000476837158203 -1.4500000476837158203 1.5499999523162841797 1.5499999523162841797 -1.4500000476837158203 -1.4500000476837158203 -1.4500000476837158203 -1.4500000476837158203 -1.4500000476837158203 -1.4500000476837158203 -1.4500000476837158203 -1.4500000476837158203 -1.4500000476837158203 -1.4500000476837158203 -1.4500000476837158203 -1.4500000476837158203
-9999 -9999 1.75 1.75 1.75 1.75 1.75 1.75 1.75 1.75 1.75 -0.15999999642372131348 -0.15999999642372131348 -0.15999999642372131348 -0.15999999642372131348 -0.15999999642372131348 -1.7200000286102294922 -1.7200000286102294922 -1.7200000286102294922 -1.7200000286102294922 -1.7200000286102294922 -3.4500000476837158203 -3.4500000476837158203 -3.4500000476837158203 -3.4500000476837158203 0.51999998092651367188 0.51999998092651367188 0.51999998092651367188 -0.49000000953674316406 -0.49000000953674316406 0.15000000596046447754 0.15000000596046447754 -0.93999999761581420898 -0.93999999761581420898 -1.7200000286102294922 -1.7200000286102294922 -1.7200000286102294922 -1.7200000286102294922 -1.7200000286102294922 -1.4500000476837158203 -1.4500000476837158203 -1.4500000476837158203 -1.4500000476837158203 -1.4500000476837158203 -1.4500000476837158203 -1.4500000476837158203
-9999 -9999 1.75 1.75 1.75 1.75 1.75 1.75 1.75 1.75 1.75 -0.15999999642372131348 -0.15999999642372131348 -0.15999999642372131348 -0.15999999642372131348 -0.15999999642372131348 -1.7200000286102294922 -1.7200000286102294922 -1.7200000286102294922 -1.7200000286102294922 -1.7200000286102294922 -3.4500000476837158203 -3.4500000476837158203 -3.0899999141693115234 -3.0899999141693115234 -1.4500000476837158203 -1.4500000476837158203 -1.4500000476837158203 -1.7000000476837158203 -1.7000000476837158203 -1.4600000381469726562 -1.4600000381469726562 -1.5900000333786010742 -1.5900000333786010742 -1.7200000286102294922 -1.7200000286102294922 -1.7200000286102294922 -1.7200000286102294922 -1.7200000286102294922 -1.4500000476837158203 -1.4500000476837158203 -1.4500000476837158203 -1.4500000476837158203 -1.4500000476837158203 -1.4500000476837158203 -1.4500000476837158203
-9999 -9999 1.75 1.75 1.75 1.75 1.75 1.75 1.75 1.75 1.75 -0.15999999642372131348 -0.15999999642372131348 -0.15999999642372131348 -0.15999999642372131348 -0.15999999642372131348 -1.7200000286102294922 -1.7200000286102294922 -1.7200000286102294922 -1.7200000286102294922 -1.7200000286102294922 -3.4500000476837158203 -3.4500000476837158203 -3.0899999141693115234 -3.0899999141693115234 -1.4500000476837158203 -1.4500000476837158203 -1.4500000476837158203 -1.7000000476837158203 -1.7000000476837158203 -1.4600000381469726562 -1.4600000381469726562 -1.5900000333786010742 -1.5900000333786010742 -1.7200000286102294922 -1.7200000286102294922 -1.7200000286102294922 -1.7200000286102294922 -1.7200000286102294922 -1.4500000476837158203 -1.4500000476837158203 -1.4500000476837158203 -1.4500000476837158203 -1.4500000476837158203 -1.4500000476837158203 -1.4500000476837158203
1.8099999427795410156 1.8099999427795410156 -3.4900000095367431641 -3.4900000095367431641 -3.4900000095367431641 -3.4900000095367431641 -3.4900000095367431641 -3.4900000095367431641 -3.4900000095367431641 -3.4900000095367431641 -3.4900000095367431641 -3.4500000476837158203 -3.4500000476837158203 -3.4500000476837158203 -3.4500000476837158203 -3.4500000476837158203 -2.5999999046325683594 -2.5999999046325683594 -2.5999999046325683594 -2.5999999046325683594 -2.5999999046325683594 -1.120000004768371582 -1.120000004768371582 -3.4500000476837158203 -3.4500000476837158203 -3.4500000476837158203 -3.4500000476837158203 -3.4500000476837158203 -1.4500000476837158203 -1.4500000476837158203 -1.2000000476837158203 -1.2000000476837158203 -1.2000000476837158203 -1.2000000476837158203 -1.6499999761581420898 -1.6499999761581420898 -1.6499999761581420898 -1.6499999761581420898 -1.6499999761581420898 -1.5299999713897705078 -1.5299999713897705078 -1.5299999713897705078 -1.5299999713897705078 -1.5299999713897705078 -1.5299999713897705078 -1.5299999713897705078
1.8099999427795410156 1.8099999427795410156 -3.4900000095367431641 -3.4900000095367431641 -3.4900000095367431641 -3.4900000095367431641 -3.4900000095367431641 -3.4900000095367431641 -3.4900000095367431641 -3.4900000095367431641 -3.4900000095367431641 -3.4500000476837158203 -3.4500000476837158203 -3.4500000476837158203 -3.4500000476837158203 -3.4500000476837158203 -2.5999999046325683594 -2.5999999046325683594 -2.5999999046325683594 -2.5999999046325683594 -2.5999999046325683594 -3.4500000476837158203 -3.4500000476837158203 -3.4500000476837158203 -3.4500000476837158203 -3.4500000476837158203 -3.4500000476837158203 -3.4500000476837158203 -1.4500000476837158203 -1.4500000476837158203 -1.2000000476837158203 -1.2000000476837158203 -1.2000000476837158203 -1.2000000476837158203 -1.6499999761581420898 -1.6499999761581420898 -1.6499999761581420898 -1.6499999761581420898 -1.6499999761581420898 -1.5299999713897705078 -1.5299999713897705078 -1.5299999713897705078 -1.5299999713897705078 -1.5299999713897705078 -1.5299999713897705078 -1.5299999713897705078
1.8099999427795410156 1.8099999427795410156 -3.4900000095367431641 -3.4900000095367431641 -3.4900000095367431641 -3.4900000095367431641 -3.4900000095367431641 -3.4900000095367431641 -3.4900000095367431641 -3.4900000095367431641 -3.4900000095367431641 -3.5099999904632568359 -3.5099999904632568359 -3.5099999904632568359 -3.5099999904632568359 -3.5099999904632568359 -3.4000000953674316406 -3.4000000953674316406 -3.4000000953674316406 -3.4000000953674316406 -3.4000000953674316406 -3.4500000476837158203 -3.4500000476837158203 -3.4500000476837158203 -3.4500000476837158203 -2.5599999427795410156 -2.5599999427795410156 -2.5599999427795410156 -1.4500000476837158203 -1.4500000476837158203 -1.4700000286102294922 -1.4700000286102294922 -1.7200000286102294922 -1.7200000286102294922 -1.7200000286102294922 -1.4500000476837158203 -1.4500000476837158203 -1.4500000476837158203 -1.4500000476837158203 -1.5299999713897705078 -1.5299999713897705078 -1.5299999713897705078 -1.5299999713897705078 -1.5299999713897705078 -1.5299999713897705078 -1.5299999713897705078
1.8099999427795410156 1.8099999427795410156 -3.4900000095367431641 -3.4900000095367431641 -3.4900000095367431641 -3.4900000095367431641 -3.4900000095367431641 -3.4900000095367431641 -3.4900000095367431641 -3.4900000095367431641 -3.4900000095367431641 -3.4900000095367431641 -3.5099999904632568359 -3.5099999904632568359 -3.5099999904632568359 -3.5099999904632568359 -3.4000000953674316406 -3.4000000953674316406 -3.4000000953674316406 -3.4000000953674316406 -3.4000000953674316406 -3.4500000476837158203 -3.4500000476837158203 -3.4500000476837158203 -3.4500000476837158203 -2.5599999427795410156 -2.5599999427795410156 -2.5599999427795410156 -1.4500000476837158203 -1.4500000476837158203 -1.4700000286102294922 -1.4700000286102294922 -1.7200000286102294922 -1.7200000286102294922 -1.7200000286102294922 -1.4500000476837158203 -1.4500000476837158203 -1.4500000476837158203 -1.4500000476837158203 -1.5299999713897705078 -1.5299999713897705078 -1.5299999713897705078 -1.5299999713897705078 -1.5299999713897705078 -1.5299999713897705078 -1.5299999713897705078
1.8099999427795410156 1.8099999427795410156 -3.4900000095367431641 -3.4900000095367431641 -3.4900000095367431641 -3.4900000095367431641 -3.4900000095367431641 -3.4900000095367431641 -3.4900000095367431641 -3.4900000095367431641 -3.4900000095367431641 -3.4900000095367431641 -3.5099999904632568359 -3.5099999904632568359 -3.5099999904632568359 -3.5099999904632568359 -3.4000000953674316406 -3.4000000953674316406 -3.4000000953674316406 -3.4000000953674316406 -3.4000000953674316406 -3.4500000476837158203 -3.4500000476837158203 -3.4500000476837158203 -3.4500000476837158203 -3.4500000476837158203 -3.4500000476837158203 -3.4500000476837158203 -3.4500000476837158203 -3.4500000476837158203 -1.4500000476837158203 -1.4500000476837158203 0.40000000596046447754 0.40000000596046447754 0.40000000596046447754 -1.4500000476837158203 -1.4500000476837158203 -1.4500000476837158203 -1.4500000476837158203 -1.5299999713897705078 -1.5299999713897705078 -1.5299999713897705078 -1.5299999713897705078 -1.5299999713897705078 -1.5299999713897705078 -1.5299999713897705078
0.20000000298023223877 0.20000000298023223877 -3.9200000762939453125 -3.9200000762939453125 -3.9200000762939453125 -3.9200000762939453125 -3.9200000762939453125 -3.4500000476837158203 -3.4500000476837158203 -3.4500000476837158203 -3.4500000476837158203 -3.4500000476837158203 -3.4300000667572021484 -3.4300000667572021484 -3.4300000667572021484 -3.4300000667572021484 -3.4200000762939453125 -3.4200000762939453125 -3.4200000762939453125 -3.4200000762939453125 -3.4200000762939453125 -3.4600000381469726562 -3.4600000381469726562 -3.4600000381469726562 -3.4600000381469726562 -3.4500000476837158203 -3.4500000476837158203 -3.4500000476837158203 -3.4500000476837158203 -3.4500000476837158203 -1.7999999523162841797 -1.7999999523162841797 0.33000001311302185059 0.33000001311302185059 0.33000001311302185059 0.10999999940395355225 0.10999999940395355225 0.10999999940395355225 0.10999999940395355225 -1.4500000476837158203 -1.4500000476837158203 -1.4500000476837158203 -1.4500000476837158203 -1.4500000476837158203 -0.38999998569488525391 -0.38999998569488525391
0.20000000298023223877 0.20000000298023223877 -3.9200000762939453125 -3.9200000762939453125 -3.9200000762939453125 -3.9200000762939453125 -3.9200000762939453125 -3.4500000476837158203 -3.4500000476837158203 -3.4500000476837158203 -3.4500000476837158203 -3.4500000476837158203 -3.4300000667572021484 -3.4300000667572021484 -3.4300000667572021484 -3.4300000667572021484 -3.4200000762939453125 -3.4200000762939453125 -3.4200000762939453125 -3.4200000762939453125 -3.4200000762939453125 -3.4600000381469726562 -3.4600000381469726562 -3.4600000381469726562 -3.4600000381469726562 -3.4500000476837158203 -3.4500000476837158203 -3.4500000476837158203 -3.4500000476837158203 -3.4500000476837158203 -1.7999999523162841797 -1.7999999523162841797 0.33000001311302185059 0.33000001311302185059 0.33000001311302185059 0.10999999940395355225 0.10999999940395355225 0.10999999940395355225 0.10999999940395355225 -1.4500000476837158203 -1.4500000476837158203 -1.4500000476837158203 -1.4500000476837158203 -1.4500000476837158203 -0.38999998569488525391 -0.38999998569488525391
0.20000000298023223877 0.20000000298023223877 -3.9200000762939453125 -3.9200000762939453125 -3.9200000762939453125 -3.9200000762939453125 -3.9200000762939453125 -3.4500000476837158203 -3.4500000476837158203 -3.4500000476837158203 -3.4500000476837158203 -3.4500000476837158203 -3.4300000667572021484 -3.4300000667572021484 -3.4300000667572021484 -3.4300000667572021484 -3.4200000762939453125 -3.4200000762939453125 -3.4200000762939453125 -3.4200000762939453125 -3.4200000762939453125 -3.4600000381469726562 -3.4600000381469726562 -3.4600000381469726562 -3.4600000381469726562 -3.4500000476837158203 -3.4500000476837158203 -3.4500000476837158203 -3.4500000476837158203 -3.4500000476837158203 -3.4500000476837158203 -3.4500000476837158203 -2.4700000286102294922 -2.4700000286102294922 -2.4700000286102294922 0.10999999940395355225 0.10999999940395355225 0.10999999940395355225 0.10999999940395355225 -1.4500000476837158203 -1.4500000476837158203 -1.4500000476837158203 -1.4500000476837158203 -1.4500000476837158203 -0.38999998569488525391 -0.38999998569488525391
-0.20000000298023223877 -0.20000000298023223877 -10 -10 -10 -10 -10 -4.3200001716613769531 -4.3200001716613769531 -3.4500000476837158203 -3.4500000476837158203 -3.4500000476837158203 -3.4500000476837158203 -3.4500000476837158203 -3.4500000476837158203 -3.4500000476837158203 -3.4500000476837158203 -3.4500000476837158203 -3.4500000476837158203 -3.4500000476837158203 -3.4500000476837158203 -3.4600000381469726562 -3.4600000381469726562 -3.4600000381469726562 -3.4600000381469726562 -2.1500000953674316406 -2.1500000953674316406 -2.1500000953674316406 -2.1500000953674316406 -2.1500000953674316406 -3.4500000476837158203 -3.4500000476837158203 -3.4500000476837158203 -3.4500000476837158203 -3.4500000476837158203 -3.4500000476837158203 -3.4500000476837158203 0.30000001192092895508 0.30000001192092895508 -1.4500000476837158203 -1.4500000476837158203 -1.4500000476837158203 -1.4500000476837158203 -1.4500000476837158203 -1.4500000476837158203 -1.4500000476837158203
-0.20000000298023223877 -0.20000000298023223877 -10 -10 -10 -10 -10 -4.3200001716613769531 -4.3200001716613769531 -3.4500000476837158203 -3.4500000476837158203 -3.4500000476837158203 -3.4500000476837158203 -3.4500000476837158203 -3.4500000476837158203 -3.4500000476837158203 -3.4500000476837158203 -3.4500000476837158203 -3.4500000476837158203 -3.4500000476837158203 -3.4500000476837158203 -3.4600000381469726562 -3.4600000381469726562 -3.4600000381469726562 -3.4600000381469726562 -2.1500000953674316406 -2.1500000953674316406 -2.1500000953674316406 -2.1500000953674316406 -2.1500000953674316406 -2.0199999809265136719 -2.0199999809265136719 -1.9400000572204589844 -1.9400000572204589844 -1.9400000572204589844 -3.4500000476837158203 -3.4500000476837158203 -1.8400000333786010742 -1.8400000333786010742 -1.4500000476837158203 -1.4500000476837158203 -1.4500000476837158203 -1.4500000476837158203 -1.4500000476837158203 -1.4500000476837158203 -1.4500000476837158203
-0.20000000298023223877 -0.20000000298023223877 -10 -10 -10 -10 -10 -4.159999847412109375 -4.159999847412109375 -3.4500000476837158203 -3.4500000476837158203 -3.4500000476837158203 -3.4500000476837158203 -3.4500000476837158203 -3.4500000476837158203 -3.4500000476837158203 -3.4500000476837158203 -3.4500000476837158203 -3.4500000476837158203 -3.4500000476837158203 -3.4500000476837158203 -3.4600000381469726562 -3.4600000381469726562 -3.4600000381469726562 -3.4600000381469726562 -2.1500000953674316406 -2.1500000953674316406 -2.1500000953674316406 -2.1500000953674316406 -2.1500000953674316406 -2.0199999809265136719 -2.0199999809265136719 -1.9400000572204589844 -1.9400000572204589844 -1.9400000572204589844 -3.4500000476837158203 -3.4500000476837158203 -1.8400000333786010742 -1.8400000333786010742 -1.4500000476837158203 -1.4500000476837158203 -1.4500000476837158203 -1.4500000476837158203 -1.4500000476837158203 -1.4500000476837158203 -1.4500000476837158203
-0.20000000298023223877 -0.20000000298023223877 -10 -10 -10 -10 -10 0.44999998807907104492 0.44999998807907104492 -0.20000000298023223877 -0.20000000298023223877 -0.20000000298023223877 1.1000000238418579102 1.1000000238418579102 -3.4500000476837158203 -3.4500000476837158203 -3.4500000476837158203 -3.4500000476837158203 -3.4500000476837158203 -2.2799999713897705078 -2.2799999713897705078 -3.4800000190734863281 -3.4800000190734863281 -3.4800000190734863281 -3.4800000190734863281 -3.4500000476837158203 -3.4500000476837158203 -3.4500000476837158203 -3.4500000476837158203 -3.4500000476837158203 -3.4500000476837158203 -3.4500000476837158203 -3.4500000476837158203 -3.4500000476837158203 -3.4500000476837158203 -3.4500000476837158203 -3.4500000476837158203 -2.4500000476837158203 -2.4500000476837158203 -1.4500000476837158203 -1.4500000476837158203 -1.4500000476837158203 -1.4500000476837158203 -1.4500000476837158203 -1.4500000476837158203 -1.4500000476837158203
