data/demo/waterlevel_120min_40x40m.asc
ncols        561
nrows        278
xllcorner    4.817258165162
yllcorner    52.370746892638
cellsize     0.000511251697
NODATA_value  -9999
[rows 189 to 209 of 278, columns 282 to 328 of 561]
-2.2899999618530273438 -2.2899999618530273438 -2.2899999618530273438 -2.4200000762939453125 -2.4200000762939453125 -2.4200000762939453125 -2.2899999618530273438 -2.2899999618530273438 -2.2899999618530273438 -2.2899999618530273438 -2.2899999618530273438 -2.2899999618530273438 -2.2899999618530273438 -2.2899999618530273438 -2.2899999618530273438 -2.2899999618530273438 -2.2899999618530273438 -2.2899999618530273438 -2.2899999618530273438 -2.2899999618530273438 -2.2899999618530273438 -2.2899999618530273438 -2.2899999618530273438 -2.2899999618530273438 -2.2899999618530273438 -2.2899999618530273438 -2.6700000762939453125 -2.6700000762939453125 -2.6700000762939453125 -2.2899999618530273438 -2.2899999618530273438 -2.2899999618530273438 -2.2899999618530273438 -2.2899999618530273438 -2.2899999618530273438 -2.2899999618530273438 -4.5799999237060546875 -4.5799999237060546875 -4.2100000381469726562 -4.2100000381469726562 -4.7600002288818359375 -4.7600002288818359375 -4.7600002288818359375 -4.7600002288818359375 -4.7600002288818359375 -4.7600002288818359375 -4.7600002288818359375
-2.3399999141693115234 -2.3499999046325683594 -2.3499999046325683594 -2.3499999046325683594 -2.3499999046325683594 -2.3499999046325683594 -2.2899999618530273438 -2.2899999618530273438 -2.2899999618530273438 -2.2899999618530273438 -2.2899999618530273438 -2.2899999618530273438 -2.2899999618530273438 -2.2899999618530273438 -2.2899999618530273438 -2.1199998855590820312 -2.1199998855590820312 -2.1199998855590820312 -2.1199998855590820312 -2.3199999332427978516 -2.3199999332427978516 -2.3199999332427978516 -2.3199999332427978516 -2.3199999332427978516 -2.2899999618530273438 -2.2899999618530273438 -2.2899999618530273438 -2.2899999618530273438 -2.2899999618530273438 -2.2999999523162841797 -2.2999999523162841797 -2.2999999523162841797 -2.2999999523162841797 -2.2899999618530273438 -2.2899999618530273438 -2.2899999618530273438 -4.5799999237060546875 -4.5799999237060546875 -4.7600002288818359375 -4.7600002288818359375 -4.7600002288818359375 -4.7600002288818359375 -4.7600002288818359375 -4.7600002288818359375 -4.7600002288818359375 -4.7600002288818359375 -4.7600002288818359375
-2.3399999141693115234 -2.3499999046325683594 -2.3499999046325683594 -2.3499999046325683594 -2.3499999046325683594 -2.3499999046325683594 -2.2899999618530273438 -2.2899999618530273438 -2.2899999618530273438 -2.2899999618530273438 -2.2899999618530273438 -2.2899999618530273438 -2.2899999618530273438 -2.2899999618530273438 -2.2899999618530273438 -2.1199998855590820312 -2.1199998855590820312 -2.1199998855590820312 -2.1199998855590820312 -2.3199999332427978516 -2.3199999332427978516 -2.3199999332427978516 -2.3199999332427978516 -2.3199999332427978516 -2.2899999618530273438 -2.2899999618530273438 -2.2899999618530273438 -2.2899999618530273438 -2.2899999618530273438 -2.2999999523162841797 -2.2999999523162841797 -2.2999999523162841797 -2.2999999523162841797 -2.2899999618530273438 -2.2899999618530273438 -2.2899999618530273438 -3.0799999237060546875 -3.0799999237060546875 -4.7600002288818359375 -4.7600002288818359375 -4.7600002288818359375 -4.7600002288818359375 -4.7600002288818359375 -4.7600002288818359375 -4.7600002288818359375 -4.7600002288818359375 -4.7600002288818359375
-2.3399999141693115234 -2.3499999046325683594 -2.3499999046325683594 -2.3499999046325683594 -2.3499999046325683594 -2.3499999046325683594 -2.2899999618530273438 -2.2899999618530273438 -2.2899999618530273438 -2.2899999618530273438 -2.2899999618530273438 -2.2899999618530273438 -2.2899999618530273438 -2.2899999618530273438 -2.2899999618530273438 -2.1199998855590820312 -2.1199998855590820312 -2.1199998855590820312 -2.1199998855590820312 -2.3199999332427978516 -2.3199999332427978516 -2.3199999332427978516 -2.3199999332427978516 -2.3199999332427978516 -2.2899999618530273438 -2.2899999618530273438 -2.2899999618530273438 -2.2899999618530273438 -2.2899999618530273438 -2.2999999523162841797 -2.2999999523162841797 -2.2999999523162841797 -2.2999999523162841797 -2.2899999618530273438 -2.2899999618530273438 -2.2899999618530273438 -3.0799999237060546875 -3.0799999237060546875 -4.7600002288818359375 -4.7600002288818359375 -4.7600002288818359375 -4.7600002288818359375 -4.7600002288818359375 -4.7600002288818359375 -4.7600002288818359375 -4.7600002288818359375 -4.7600002288818359375
-2.8099999427795410156 -2.8099999427795410156 -2.8099999427795410156 -2.8099999427795410156 -2.8099999427795410156 -2.8099999427795410156 -2.2899999618530273438 -2.2899999618530273438 -2.2899999618530273438 -2.2899999618530273438 -2.2899999618530273438 -2.2899999618530273438 -2.2899999618530273438 -2.2899999618530273438 -2.2899999618530273438 -2.2999999523162841797 -2.2999999523162841797 -2.2999999523162841797 -2.2999999523162841797 -2.2999999523162841797 -2.2999999523162841797 -2.2999999523162841797 -2.2999999523162841797 -2.2999999523162841797 -2.2899999618530273438 -2.2899999618530273438 -2.2899999618530273438 -2.2899999618530273438 -2.2899999618530273438 -2.2899999618530273438 -2.2899999618530273438 -2.2899999618530273438 -2.2899999618530273438 -2.2899999618530273438 -2.2899999618530273438 -2.2899999618530273438 -2.3800001144409179688 -2.3800001144409179688 -4.7600002288818359375 -4.7600002288818359375 -4.7600002288818359375 -4.7600002288818359375 -4.7899999618530273438 -4.7899999618530273438 -4.7899999618530273438 -4.7899999618530273438 -4.7899999618530273438
-2.8099999427795410156 -2.8099999427795410156 -2.8099999427795410156 -2.8099999427795410156 -2.8099999427795410156 -2.8099999427795410156 -2.2899999618530273438 -2.2899999618530273438 -2.2899999618530273438 -2.2899999618530273438 -2.2899999618530273438 -2.2899999618530273438 -2.2899999618530273438 -2.2899999618530273438 -2.2899999618530273438 -2.2999999523162841797 -2.2999999523162841797 -2.2999999523162841797 -2.2999999523162841797 -2.2999999523162841797 -2.2999999523162841797 -2.2999999523162841797 -2.2999999523162841797 -2.2999999523162841797 -2.2899999618530273438 -2.2899999618530273438 -2.2899999618530273438 -2.2899999618530273438 -2.2899999618530273438 -2.2899999618530273438 -2.2899999618530273438 -2.2899999618530273438 -2.2899999618530273438 -2.2899999618530273438 -2.2899999618530273438 -2.2899999618530273438 -2.2899999618530273438 -2.2899999618530273438 -4.7600002288818359375 -4.7600002288818359375 -4.7600002288818359375 -4.7600002288818359375 -4.7899999618530273438 -4.7899999618530273438 -4.7899999618530273438 -4.7899999618530273438 -4.7899999618530273438
-2.8099999427795410156 -2.8099999427795410156 -2.8099999427795410156 -2.8099999427795410156 -2.8099999427795410156 -2.8099999427795410156 -2.2899999618530273438 -2.2899999618530273438 -2.2899999618530273438 -2.2899999618530273438 -2.2899999618530273438 -2.2899999618530273438 -2.2899999618530273438 -2.2899999618530273438 -2.2899999618530273438 -2.2999999523162841797 -2.2999999523162841797 -2.2999999523162841797 -2.2999999523162841797 -2.2999999523162841797 -2.2999999523162841797 -2.2999999523162841797 -2.2999999523162841797 -2.2999999523162841797 -2.2899999618530273438 -2.2899999618530273438 -2.2899999618530273438 -2.2899999618530273438 -2.2899999618530273438 -2.2899999618530273438 -2.2899999618530273438 -2.2899999618530273438 -2.2899999618530273438 -2.2899999618530273438 -2.2899999618530273438 -2.2899999618530273438 -2.6800000667572021484 -2.6800000667572021484 -4.7800002098083496094 -4.7800002098083496094 -4.7800002098083496094 -4.7800002098083496094 -4.7600002288818359375 -4.7600002288818359375 -4.7600002288818359375 -4.6799998283386230469 -4.6799998283386230469
-2.8099999427795410156 -2.8099999427795410156 -2.8099999427795410156 -2.8099999427795410156 -2.8099999427795410156 -2.8099999427795410156 -2.2899999618530273438 -2.2899999618530273438 -2.2899999618530273438 -2.2899999618530273438 -2.2899999618530273438 -2.2899999618530273438 -2.2899999618530273438 -2.2899999618530273438 -2.2899999618530273438 -2.2999999523162841797 -2.2999999523162841797 -2.2999999523162841797 -2.2999999523162841797 -2.2999999523162841797 -2.2999999523162841797 -2.2999999523162841797 -2.2999999523162841797 -2.2999999523162841797 -2.2899999618530273438 -2.2899999618530273438 -2.2899999618530273438 -2.2899999618530273438 -2.2899999618530273438 -2.3199999332427978516 -2.3199999332427978516 -2.3199999332427978516 -2.3199999332427978516 -2.2899999618530273438 -2.2899999618530273438 -2.2899999618530273438 -2.6800000667572021484 -2.6800000667572021484 -4.7800002098083496094 -4.7800002098083496094 -4.7800002098083496094 -4.7800002098083496094 -4.7600002288818359375 -4.7600002288818359375 -4.7600002288818359375 -4.6799998283386230469 -4.6799998283386230469
-2.8099999427795410156 -2.8099999427795410156 -2.8099999427795410156 -2.8099999427795410156 -2.8099999427795410156 -2.8099999427795410156 -2.2899999618530273438 -2.2899999618530273438 -2.2899999618530273438 -2.2899999618530273438 -2.2899999618530273438 -2.2899999618530273438 -2.2899999618530273438 -2.2899999618530273438 -2.2899999618530273438 -2.2999999523162841797 -2.2999999523162841797 -2.2999999523162841797 -2.2999999523162841797 -2.2999999523162841797 -2.2999999523162841797 -2.2999999523162841797 -2.2999999523162841797 -2.2999999523162841797 -2.2899999618530273438 -2.2899999618530273438 -2.2899999618530273438 -2.2899999618530273438 -2.2899999618530273438 -2.3199999332427978516 -2.3199999332427978516 -2.3199999332427978516 -2.3199999332427978516 -2.3299999237060546875 -2.3299999237060546875 -2.3299999237060546875 -3 -3 -4.7800002098083496094 -4.7800002098083496094 -4.7800002098083496094 -4.7800002098083496094 -4.4499998092651367188 -4.4499998092651367188 -4.4499998092651367188 -3.2000000476837158203 -3.2000000476837158203
-2.2899999618530273438 -2.2899999618530273438 -2.2899999618530273438 -2.2899999618530273438 -2.2899999618530273438 -2.2899999618530273438 -2.2999999523162841797 -2.2999999523162841797 -2.2999999523162841797 -2.2999999523162841797 -2.2999999523162841797 -2.2999999523162841797 -2.2999999523162841797 -2.2999999523162841797 -2.2999999523162841797 -2.4400000572204589844 -2.4400000572204589844 -2.4400000572204589844 -2.4400000572204589844 -2.4400000572204589844 -2.4400000572204589844 -2.4400000572204589844 -2.4400000572204589844 -2.4400000572204589844 -2.2899999618530273438 -2.2899999618530273438 -2.2899999618530273438 -2.2899999618530273438 -2.2899999618530273438 -2.3199999332427978516 -2.3199999332427978516 -2.3199999332427978516 -2.3199999332427978516 -2.2899999618530273438 -2.2899999618530273438 -2.2899999618530273438 -2.9800000190734863281 -2.9800000190734863281 -4.2399997711181640625 -4.2399997711181640625 -4.25 -4.25 -4.25 -2.6900000572204589844 -2.6900000572204589844 -2.2300000190734863281 -2.2300000190734863281
-2.2899999618530273438 -2.2899999618530273438 -2.2899999618530273438 -2.2899999618530273438 -2.2899999618530273438 -2.2899999618530273438 -2.2999999523162841797 -2.2999999523162841797 -2.2999999523162841797 -2.2999999523162841797 -2.2999999523162841797 -2.2999999523162841797 -2.2999999523162841797 -2.2999999523162841797 -2.2999999523162841797 -2.4400000572204589844 -2.4400000572204589844 -2.4400000572204589844 -2.4400000572204589844 -2.4400000572204589844 -2.4400000572204589844 -2.4400000572204589844 -2.4400000572204589844 -2.4400000572204589844 -2.2899999618530273438 -2.2899999618530273438 -2.2899999618530273438 -2.2899999618530273438 -2.2899999618530273438 -2.3199999332427978516 -2.3199999332427978516 -2.3199999332427978516 -2.3199999332427978516 -2.2899999618530273438 -2.2899999618530273438 -2.2899999618530273438 -2.9800000190734863281 -2.9800000190734863281 -4.2399997711181640625 -4.2399997711181640625 -4.25 -4.25 -4.25 -2.6900000572204589844 -2.6900000572204589844 -2.2300000190734863281 -2.2300000190734863281
-2.2899999618530273438 -2.2899999618530273438 -2.2899999618530273438 -2.2899999618530273438 -2.2899999618530273438 -2.2899999618530273438 -2.2999999523162841797 -2.2999999523162841797 -2.2999999523162841797 -2.2999999523162841797 -2.2999999523162841797 -2.2999999523162841797 -2.2999999523162841797 -2.2999999523162841797 -2.2999999523162841797 -2.4400000572204589844 -2.4400000572204589844 -2.4400000572204589844 -2.4400000572204589844 -2.4400000572204589844 -2.4400000572204589844 -2.4400000572204589844 -2.4400000572204589844 -2.4400000572204589844 -2.2899999618530273438 -2.2899999618530273438 -2.2899999618530273438 -2.2899999618530273438 -2.2899999618530273438 -2.3199999332427978516 -2.3199999332427978516 -2.3199999332427978516 -2.3199999332427978516 -2.2899999618530273438 -2.2899999618530273438 -2.2899999618530273438 -2.2899999618530273438 -2.2899999618530273438 -2.4680490493774414062 -2.4680490493774414062 -2.2999999523162841797 -2.2999999523162841797 -2.2999999523162841797 -2.2400000095367431641 -2.2400000095367431641 0.090000003576278686523 0.090000003576278686523
-2.2899999618530273438 -2.2899999618530273438 -2.2899999618530273438 -2.2899999618530273438 -2.2899999618530273438 -2.2899999618530273438 -2.2999999523162841797 -2.2999999523162841797 -2.2999999523162841797 -2.2999999523162841797 -2.2999999523162841797 -2.2999999523162841797 -2.2999999523162841797 -2.2999999523162841797 -2.2999999523162841797 -2.4400000572204589844 -2.4400000572204589844 -2.4400000572204589844 -2.4400000572204589844 -2.4400000572204589844 -2.4400000572204589844 -2.4400000572204589844 -2.4400000572204589844 -2.4400000572204589844 -2.3299999237060546875 -2.3299999237060546875 -2.3299999237060546875 -2.3299999237060546875 -2.3299999237060546875 -2.289096832275390625 -2.289096832275390625 -2.289096832275390625 -2.289096832275390625 -2.1943910121917724609 -2.1943910121917724609 -2.1943910121917724609 -2.1943910121917724609 -2.1943910121917724609 -2.2632472515106201172 -2.2632472515106201172 -2.2632472515106201172 -2.2632472515106201172 -2.2632472515106201172 -1.9527695178985595703 -1.9527695178985595703 -1.9527695178985595703 -1.9527695178985595703
-2.2899999618530273438 -2.2899999618530273438 -2.2899999618530273438 -2.2899999618530273438 -2.2899999618530273438 -2.2899999618530273438 -2.2999999523162841797 -2.2999999523162841797 -2.2999999523162841797 -2.2999999523162841797 -2.2999999523162841797 -2.2999999523162841797 -2.2999999523162841797 -2.2999999523162841797 -2.2999999523162841797 -2.4400000572204589844 -2.4400000572204589844 -2.4400000572204589844 -2.4400000572204589844 -2.4400000572204589844 -2.4400000572204589844 -2.4400000572204589844 -2.4400000572204589844 -2.4400000572204589844 -2.3299999237060546875 -2.3299999237060546875 -2.3299999237060546875 -2.3299999237060546875 -2.3299999237060546875 -2.289096832275390625 -2.289096832275390625 -2.289096832275390625 -2.289096832275390625 -2.1943910121917724609 -2.1943910121917724609 -2.1943910121917724609 -2.1943910121917724609 -2.1943910121917724609 -2.2632472515106201172 -2.2632472515106201172 -2.2632472515106201172 -2.2632472515106201172 -2.2632472515106201172 -1.9527695178985595703 -1.9527695178985595703 -1.9527695178985595703 -1.9527695178985595703
-2.2899999618530273438 -2.2899999618530273438 -2.2899999618530273438 -2.2899999618530273438 -2.2899999618530273438 -2.2899999618530273438 -2.2999999523162841797 -2.2999999523162841797 -2.2999999523162841797 -2.2999999523162841797 -2.2999999523162841797 -2.2999999523162841797 -2.2999999523162841797 -2.2999999523162841797 -2.2999999523162841797 -2.4400000572204589844 -2.4400000572204589844 -2.4400000572204589844 -2.4400000572204589844 -2.4400000572204589844 -2.4400000572204589844 -2.4400000572204589844 -2.4400000572204589844 -2.4400000572204589844 -2.3299999237060546875 -2.3299999237060546875 -2.3299999237060546875 -2.3299999237060546875 -2.3299999237060546875 -2.289096832275390625 -2.289096832275390625 -2.289096832275390625 -2.289096832275390625 -2.1943910121917724609 -2.1943910121917724609 -2.1943910121917724609 -2.1943910121917724609 -2.1943910121917724609 -2.2632472515106201172 -2.2632472515106201172 -2.2632472515106201172 -2.2632472515106201172 -2.2632472515106201172 -1.9527695178985595703 -1.9527695178985595703 -1.9527695178985595703 -1.9527695178985595703
-2.3199999332427978516 -2.2999999523162841797 -2.2999999523162841797 -2.2999999523162841797 -2.2999999523162841797 -2.2999999523162841797 -2.3050553798675537109 -2.3050553798675537109 -2.3050553798675537109 -2.3050553798675537109 -2.3050553798675537109 -2.3050553798675537109 -2.3050553798675537109 -2.3050553798675537109 -2.3050553798675537109 -2.4300000667572021484 -2.4300000667572021484 -2.4300000667572021484 -2.4300000667572021484 -2.4300000667572021484 -2.4300000667572021484 -2.4300000667572021484 -2.4300000667572021484 -2.4300000667572021484 -2.2853033542633056641 -2.2853033542633056641 -2.2853033542633056641 -2.2853033542633056641 -2.2853033542633056641 -2.2853033542633056641 -2.2853033542633056641 -2.2853033542633056641 -2.2853033542633056641 -2.1245708465576171875 -2.1245708465576171875 -2.1245708465576171875 -2.1245708465576171875 -2.1245708465576171875 -2.1245708465576171875 -2.1245708465576171875 -2.1245708465576171875 -2.1245708465576171875 -2.1245708465576171875 -1.9320839643478393555 -1.9320839643478393555 -1.9320839643478393555 -1.9320839643478393555
-2.3199999332427978516 -2.2999999523162841797 -2.2999999523162841797 -2.2999999523162841797 -2.2999999523162841797 -2.2999999523162841797 -2.3050553798675537109 -2.3050553798675537109 -2.3050553798675537109 -2.3050553798675537109 -2.3050553798675537109 -2.3050553798675537109 -2.3050553798675537109 -2.3050553798675537109 -2.3050553798675537109 -2.4300000667572021484 -2.4300000667572021484 -2.4300000667572021484 -2.4300000667572021484 -2.4300000667572021484 -2.4300000667572021484 -2.4300000667572021484 -2.4300000667572021484 -2.4300000667572021484 -2.2853033542633056641 -2.2853033542633056641 -2.2853033542633056641 -2.2853033542633056641 -2.2853033542633056641 -2.2853033542633056641 -2.2853033542633056641 -2.2853033542633056641 -2.2853033542633056641 -2.1245708465576171875 -2.1245708465576171875 -2.1245708465576171875 -2.1245708465576171875 -2.1245708465576171875 -2.1245708465576171875 -2.1245708465576171875 -2.1245708465576171875 -2.1245708465576171875 -2.1245708465576171875 -1.9320839643478393555 -1.9320839643478393555 -1.9320839643478393555 -1.9320839643478393555
-2.3199999332427978516 -2.2999999523162841797 -2.2999999523162841797 -2.2999999523162841797 -2.2999999523162841797 -2.2999999523162841797 -2.3050553798675537109 -2.3050553798675537109 -2.3050553798675537109 -2.3050553798675537109 -2.3050553798675537109 -2.3050553798675537109 -2.3050553798675537109 -2.3050553798675537109 -2.3050553798675537109 -2.4300000667572021484 -2.4300000667572021484 -2.4300000667572021484 -2.4300000667572021484 -2.4300000667572021484 -2.4300000667572021484 -2.4300000667572021484 -2.4300000667572021484 -2.4300000667572021484 -2.2853033542633056641 -2.2853033542633056641 -2.2853033542633056641 -2.2853033542633056641 -2.2853033542633056641 -2.2853033542633056641 -2.2853033542633056641 -2.2853033542633056641 -2.2853033542633056641 -2.1245708465576171875 -2.1245708465576171875 -2.1245708465576171875 -2.1245708465576171875 -2.1245708465576171875 -2.1245708465576171875 -2.1245708465576171875 -2.1245708465576171875 -2.1245708465576171875 -2.1245708465576171875 -1.9320839643478393555 -1.9320839643478393555 -1.9320839643478393555 -1.9320839643478393555
-2.2899999618530273438 -2.2899999618530273438 -2.2899999618530273438 -2.2899999618530273438 -2.2899999618530273438 -2.2899999618530273438 -2.3050553798675537109 -2.3050553798675537109 -2.3050553798675537109 -2.3050553798675537109 -2.3050553798675537109 -2.3050553798675537109 -2.3050553798675537109 -2.3050553798675537109 -2.3050553798675537109 -2.4300000667572021484 -2.4300000667572021484 -2.4300000667572021484 -2.4300000667572021484 -2.4300000667572021484 -2.4300000667572021484 -2.4300000667572021484 -2.4300000667572021484 -2.4300000667572021484 -2.2853033542633056641 -2.2853033542633056641 -2.2853033542633056641 -2.2853033542633056641 -2.2853033542633056641 -2.2853033542633056641 -2.2853033542633056641 -2.2853033542633056641 -2.2853033542633056641 -2.1245708465576171875 -2.1245708465576171875 -2.1245708465576171875 -2.1245708465576171875 -2.1245708465576171875 -2.1245708465576171875 -2.1245708465576171875 -2.1245708465576171875 -2.1245708465576171875 -2.1245708465576171875 -1.9320839643478393555 -1.9320839643478393555 -1.9320839643478393555 -1.9320839643478393555
-2.2899999618530273438 -2.2899999618530273438 -2.2899999618530273438 -2.2899999618530273438 -2.2899999618530273438 -2.2899999618530273438 -2.3050553798675537109 -2.3050553798675537109 -2.3050553798675537109 -2.3050553798675537109 -2.3050553798675537109 -2.3050553798675537109 -2.3050553798675537109 -2.3050553798675537109 -2.3050553798675537109 -2.4300000667572021484 -2.4300000667572021484 -2.4300000667572021484 -2.4300000667572021484 -2.4300000667572021484 -2.4300000667572021484 -2.4300000667572021484 -2.4300000667572021484 -2.4300000667572021484 -2.2853033542633056641 -2.2853033542633056641 -2.2853033542633056641 -2.2853033542633056641 -2.2853033542633056641 -2.2853033542633056641 -2.2853033542633056641 -2.2853033542633056641 -2.2853033542633056641 -2.1245708465576171875 -2.1245708465576171875 -2.1245708465576171875 -2.1245708465576171875 -2.1245708465576171875 -2.1245708465576171875 -2.1245708465576171875 -2.1245708465576171875 -2.1245708465576171875 -2.1245708465576171875 -1.9320839643478393555 -1.9320839643478393555 -1.9320839643478393555 -1.9320839643478393555
-2.2899999618530273438 -2.2899999618530273438 -2.2899999618530273438 -2.2899999618530273438 -2.2899999618530273438 -2.2899999618530273438 -2.3050553798675537109 -2.3050553798675537109 -2.3050553798675537109 -2.3050553798675537109 -2.3050553798675537109 -2.3050553798675537109 -2.3050553798675537109 -2.3050553798675537109 -2.3050553798675537109 -2.4300000667572021484 -2.4300000667572021484 -2.4300000667572021484 -2.4300000667572021484 -2.4300000667572021484 -2.4300000667572021484 -2.4300000667572021484 -2.4300000667572021484 -2.4300000667572021484 -2.2853033542633056641 -2.2853033542633056641 -2.2853033542633056641 -2.2853033542633056641 -2.2853033542633056641 -2.2853033542633056641 -2.2853033542633056641 -2.2853033542633056641 -2.2853033542633056641 -2.1245708465576171875 -2.1245708465576171875 -2.1245708465576171875 -2.1245708465576171875 -2.1245708465576171875 -2.1245708465576171875 -2.1245708465576171875 -2.1245708465576171875 -2.1245708465576171875 -2.1245708465576171875 -1.9320839643478393555 -1.9320839643478393555 -1.9320839643478393555 -1.9320839643478393555
