data/demo/waterlevel_120min_40x40m.asc
ncols        561
nrows        278
xllcorner    4.817258165162
yllcorner    52.370746892638
cellsize     0.000511251697
NODATA_value  -9999
[rows 147 to 167 of 278, columns 94 to 140 of 561]
-1.7100000381469726562 -1.7100000381469726562 -1.7100000381469726562 -1.7100000381469726562 -1.7100000381469726562 -1.7100000381469726562 -1.7100000381469726562 -1.7100000381469726562 -1.7100000381469726562 -1.5299999713897705078 -1.5299999713897705078 -1.5299999713897705078 -1.5299999713897705078 -1.5299999713897705078 -1.5299999713897705078 -1.5299999713897705078 -1.5299999713897705078 -1.5299999713897705078 -1.4600000381469726562 -1.4600000381469726562 -1.4600000381469726562 -1.4600000381469726562 -1.4600000381469726562 -1.4600000381469726562 -1.4600000381469726562 -1.4600000381469726562 -1.4600000381469726562 -1.4600000381469726562 -1.4500000476837158203 -1.4500000476837158203 -1.4500000476837158203 -1.4500000476837158203 -1.4500000476837158203 -1.4500000476837158203 -1.4500000476837158203 -1.4500000476837158203 -1.4500000476837158203 -1.4500000476837158203 -1.4500000476837158203 -2.9000000953674316406 -2.9000000953674316406 -2.9000000953674316406 -2.9000000953674316406 -2.9000000953674316406 -2.9000000953674316406 -2.9000000953674316406 -2.9000000953674316406
-1.7100000381469726562 -1.7100000381469726562 -1.7100000381469726562 -1.7100000381469726562 -1.7100000381469726562 -1.7100000381469726562 -1.7100000381469726562 -1.7100000381469726562 -1.7100000381469726562 -1.5299999713897705078 -1.5299999713897705078 -1.5299999713897705078 -1.5299999713897705078 -1.5299999713897705078 -1.5299999713897705078 -1.5299999713897705078 -1.5299999713897705078 -1.5299999713897705078 -1.4600000381469726562 -1.4500000476837158203 -1.4500000476837158203 -1.4500000476837158203 -1.4500000476837158203 -1.4500000476837158203 -1.4500000476837158203 -1.4500000476837158203 -1.4500000476837158203 -1.4500000476837158203 -1.4500000476837158203 -1.4500000476837158203 -1.4500000476837158203 -1.4500000476837158203 -0.95999997854232788086 -0.95999997854232788086 -0.95999997854232788086 -0.95999997854232788086 -0.95999997854232788086 -0.92000001668930053711 -0.92000001668930053711 -1.4500000476837158203 -1.4500000476837158203 -2.9000000953674316406 -2.9000000953674316406 -2.9000000953674316406 -2.9000000953674316406 -2.9000000953674316406 -2.9000000953674316406
-1.5 -1.5 -1.5 -1.5 -1.5 -1.4500000476837158203 -1.4500000476837158203 -1.4500000476837158203 -1.4500000476837158203 -1.4500000476837158203 -1.4500000476837158203 -1.4500000476837158203 -1.4500000476837158203 -1.4500000476837158203 -1.4500000476837158203 -1.4500000476837158203 -1.4500000476837158203 -1.4500000476837158203 -1.4500000476837158203 -1.4500000476837158203 -1.4500000476837158203 -1.4500000476837158203 -1.4500000476837158203 -1.4500000476837158203 -1.4500000476837158203 -1.4500000476837158203 -1.4500000476837158203 -1.4500000476837158203 -1.4500000476837158203 -1.4500000476837158203 -1.4500000476837158203 -1.4500000476837158203 -0.95999997854232788086 -0.95999997854232788086 -0.95999997854232788086 -0.95999997854232788086 -0.95999997854232788086 -0.92000001668930053711 -0.92000001668930053711 -1.4500000476837158203 -1.4500000476837158203 -2.9000000953674316406 -2.9000000953674316406 -2.9000000953674316406 -2.9000000953674316406 -2.9000000953674316406 -2.9000000953674316406
-1.5 -1.5 -1.5 -1.5 -1.5 -1.4500000476837158203 -1.4500000476837158203 -1.4500000476837158203 -1.4500000476837158203 -1.4500000476837158203 -1.4500000476837158203 -1.4500000476837158203 -1.4500000476837158203 -1.4500000476837158203 -1.4500000476837158203 -1.4500000476837158203 -1.4500000476837158203 -1.4500000476837158203 -1.4500000476837158203 -1.4500000476837158203 -1.4500000476837158203 -1.4500000476837158203 -1.4500000476837158203 -1.4500000476837158203 -1.4500000476837158203 -1.4500000476837158203 -1.4500000476837158203 -1.4500000476837158203 -1.4500000476837158203 -1.4500000476837158203 -1.4500000476837158203 -1.4500000476837158203 -0.95999997854232788086 -0.95999997854232788086 -0.95999997854232788086 -0.95999997854232788086 -0.95999997854232788086 -1.0299999713897705078 -1.0299999713897705078 -1.0099999904632568359 -1.0099999904632568359 -1.4500000476837158203 -1.4500000476837158203 -1.4500000476837158203 -2.9000000953674316406 -2.9000000953674316406 -2.2000000476837158203
-1.4500000476837158203 -1.4500000476837158203 -1.4500000476837158203 -1.4500000476837158203 -1.4500000476837158203 -1.4700000286102294922 -1.4700000286102294922 -1.4700000286102294922 -1.4700000286102294922 -1.4500000476837158203 -1.4500000476837158203 -1.4500000476837158203 -1.4500000476837158203 -1.4500000476837158203 -1.4500000476837158203 -1.4500000476837158203 -1.4500000476837158203 -1.4500000476837158203 -1.4500000476837158203 -1.4500000476837158203 -1.4500000476837158203 -1.4500000476837158203 -1.4500000476837158203 -1.4500000476837158203 -1.4500000476837158203 -1.4500000476837158203 -1.4500000476837158203 -1.4500000476837158203 -1.4500000476837158203 -1.4500000476837158203 -1.4500000476837158203 -1.4500000476837158203 -1.4500000476837158203 -1.4500000476837158203 -1.4500000476837158203 -1.4500000476837158203 -1.4500000476837158203 -1.4500000476837158203 -1.4500000476837158203 -1.4500000476837158203 -1.4500000476837158203 -1.5299999713897705078 -1.5299999713897705078 -1.5299999713897705078 -1.5299999713897705078 -1.5299999713897705078 -1.7599999904632568359
-1.4500000476837158203 -1.4500000476837158203 -1.4500000476837158203 -1.4500000476837158203 -1.4500000476837158203 -1.4700000286102294922 -1.4700000286102294922 -1.4700000286102294922 -1.4700000286102294922 -1.4500000476837158203 -1.4500000476837158203 -1.4500000476837158203 -1.4500000476837158203 -1.4500000476837158203 -1.4500000476837158203 -1.4500000476837158203 -1.4500000476837158203 -1.4500000476837158203 -1.4500000476837158203 -1.4500000476837158203 -1.4500000476837158203 -1.4500000476837158203 -1.4500000476837158203 -1.4500000476837158203 -1.4500000476837158203 -1.4500000476837158203 -1.4500000476837158203 -1.4500000476837158203 -1.4500000476837158203 -1.4500000476837158203 -1.4500000476837158203 -1.4500000476837158203 -1.4500000476837158203 -1.4500000476837158203 -1.4500000476837158203 -1.4500000476837158203 -1.4500000476837158203 -1.4500000476837158203 -1.4500000476837158203 -1.4500000476837158203 -1.4500000476837158203 -1.5299999713897705078 -1.5299999713897705078 -1.5299999713897705078 -1.5299999713897705078 -1.5299999713897705078 -1.7599999904632568359
-1.5199999809265136719 -1.5199999809265136719 -1.4500000476837158203 -1.4500000476837158203 -1.4500000476837158203 -1.4700000286102294922 -1.4700000286102294922 -1.4700000286102294922 -1.4700000286102294922 -1.4500000476837158203 -1.4500000476837158203 -1.4500000476837158203 -1.4500000476837158203 -1.4500000476837158203 -1.4500000476837158203 -1.4500000476837158203 -1.4500000476837158203 -1.4500000476837158203 -1.4500000476837158203 -1.4500000476837158203 -1.4500000476837158203 -1.4500000476837158203 -1.4500000476837158203 -1.4500000476837158203 -1.4500000476837158203 -1.4500000476837158203 -1.4500000476837158203 -1.4500000476837158203 -1.4500000476837158203 -1.4500000476837158203 -1.4500000476837158203 -1.4500000476837158203 -1.4500000476837158203 -1.4500000476837158203 -1.4500000476837158203 -1.4500000476837158203 -1.4500000476837158203 -1.4500000476837158203 -1.4500000476837158203 -1.4500000476837158203 -1.4500000476837158203 -1.5299999713897705078 -1.5299999713897705078 -1.5299999713897705078 -1.5299999713897705078 -1.5299999713897705078 -1.4500000476837158203
-0.0099999997764825820923 -0.0099999997764825820923 -1.4500000476837158203 -1.4500000476837158203 -1.4500000476837158203 -1.4700000286102294922 -1.4700000286102294922 -1.4700000286102294922 -1.4700000286102294922 -1.4500000476837158203 -1.4500000476837158203 -1.4500000476837158203 -1.4500000476837158203 -1.4500000476837158203 -1.4500000476837158203 -1.4500000476837158203 -1.4500000476837158203 -1.4500000476837158203 -1.8300000429153442383 -1.8300000429153442383 -1.8300000429153442383 -1.8300000429153442383 -1.8300000429153442383 -1.8300000429153442383 -1.8300000429153442383 -1.8300000429153442383 -1.8300000429153442383 -1.8300000429153442383 -1.5900000333786010742 -1.5900000333786010742 -1.5900000333786010742 -1.5900000333786010742 -1.5900000333786010742 -1.5900000333786010742 -1.5900000333786010742 -1.5900000333786010742 -1.5900000333786010742 -1.5299999713897705078 -1.5299999713897705078 -1.5299999713897705078 -1.5299999713897705078 -1.5299999713897705078 -1.5299999713897705078 -1.5299999713897705078 -1.5299999713897705078 -1.5299999713897705078 -1.4500000476837158203
-0.0099999997764825820923 -0.0099999997764825820923 -1.4500000476837158203 -1.4500000476837158203 -1.4500000476837158203 -1.4700000286102294922 -1.4700000286102294922 -1.4700000286102294922 -1.4700000286102294922 -1.4500000476837158203 -1.4500000476837158203 -1.4500000476837158203 -1.4500000476837158203 -1.4500000476837158203 -1.4500000476837158203 -1.4500000476837158203 -1.4500000476837158203 -1.4500000476837158203 -1.8300000429153442383 -1.8300000429153442383 -1.8300000429153442383 -1.8300000429153442383 -1.8300000429153442383 -1.8300000429153442383 -1.8300000429153442383 -1.8300000429153442383 -1.8300000429153442383 -1.8300000429153442383 -1.5900000333786010742 -1.5900000333786010742 -1.5900000333786010742 -1.5900000333786010742 -1.5900000333786010742 -1.5900000333786010742 -1.5900000333786010742 -1.5900000333786010742 -1.5900000333786010742 -1.5299999713897705078 -1.5299999713897705078 -1.5299999713897705078 -1.5299999713897705078 -1.5299999713897705078 -1.5299999713897705078 -1.5299999713897705078 -1.5299999713897705078 -1.5299999713897705078 -1.4500000476837158203
-9999 -9999 0.10000000149011611938 0.10000000149011611938 0.10000000149011611938 -1.4700000286102294922 -1.4700000286102294922 -1.4700000286102294922 -1.4700000286102294922 -1.4500000476837158203 -1.4500000476837158203 -1.4500000476837158203 -1.4500000476837158203 -1.4500000476837158203 -1.4500000476837158203 -1.4500000476837158203 -1.4500000476837158203 -1.4500000476837158203 -1.8300000429153442383 -1.8300000429153442383 -1.8300000429153442383 -1.8300000429153442383 -1.8300000429153442383 -1.8300000429153442383 -1.8300000429153442383 -1.8300000429153442383 -1.8300000429153442383 -1.8300000429153442383 -1.5900000333786010742 -1.5900000333786010742 -1.5900000333786010742 -1.5900000333786010742 -1.5900000333786010742 -1.5900000333786010742 -1.5900000333786010742 -1.5900000333786010742 -1.5900000333786010742 -1.5299999713897705078 -1.5299999713897705078 -1.5299999713897705078 -1.5299999713897705078 -1.5299999713897705078 -1.5299999713897705078 -1.5299999713897705078 -1.5299999713897705078 -1.5299999713897705078 -1.4500000476837158203
-9999 -9999 0.44999998807907104492 0.44999998807907104492 0.44999998807907104492 -1.4500000476837158203 -1.4500000476837158203 -1.4500000476837158203 -1.4500000476837158203 -1.5399999618530273438 -1.5399999618530273438 -1.5399999618530273438 -1.5399999618530273438 -1.5399999618530273438 -1.4600000381469726562 -1.4600000381469726562 -1.4600000381469726562 -1.4600000381469726562 -1.8300000429153442383 -1.8300000429153442383 -1.8300000429153442383 -1.8300000429153442383 -1.8300000429153442383 -1.8300000429153442383 -1.8300000429153442383 -1.8300000429153442383 -1.8300000429153442383 -1.8300000429153442383 -1.5900000333786010742 -1.5900000333786010742 -1.5900000333786010742 -1.5900000333786010742 -1.5900000333786010742 -1.5900000333786010742 -1.5900000333786010742 -1.5900000333786010742 -1.5900000333786010742 -1.5299999713897705078 -1.5299999713897705078 -1.5299999713897705078 -1.5299999713897705078 -1.5299999713897705078 -1.5299999713897705078 -1.5299999713897705078 -1.5299999713897705078 -1.5299999713897705078 -1.5499999523162841797
-9999 -9999 -9999 -9999 -9999 -0.66000002622604370117 -0.66000002622604370117 -1.4500000476837158203 -1.4500000476837158203 -1.5399999618530273438 -1.5399999618530273438 -1.5399999618530273438 -1.5399999618530273438 -1.5399999618530273438 -1.4600000381469726562 -1.4600000381469726562 -1.4600000381469726562 -1.4600000381469726562 -1.8300000429153442383 -1.8300000429153442383 -1.8300000429153442383 -1.8300000429153442383 -1.8300000429153442383 -1.8300000429153442383 -1.8300000429153442383 -1.8300000429153442383 -1.8300000429153442383 -1.8300000429153442383 -1.5900000333786010742 -1.5900000333786010742 -1.5900000333786010742 -1.5900000333786010742 -1.5900000333786010742 -1.5900000333786010742 -1.5900000333786010742 -1.5900000333786010742 -1.5900000333786010742 -1.5299999713897705078 -1.5299999713897705078 -1.5299999713897705078 -1.5299999713897705078 -1.5299999713897705078 -1.5299999713897705078 -1.5299999713897705078 -1.5299999713897705078 -1.5299999713897705078 -1.5499999523162841797
-9999 -9999 -9999 -9999 -9999 -0.66000002622604370117 -0.66000002622604370117 -1.4500000476837158203 -1.4500000476837158203 -1.5399999618530273438 -1.5399999618530273438 -1.5399999618530273438 -1.5399999618530273438 -1.5399999618530273438 -1.4600000381469726562 -1.4600000381469726562 -1.4600000381469726562 -1.4600000381469726562 -1.8300000429153442383 -1.8300000429153442383 -1.8300000429153442383 -1.8300000429153442383 -1.8300000429153442383 -1.8300000429153442383 -1.8300000429153442383 -1.8300000429153442383 -1.8300000429153442383 -1.8300000429153442383 -1.5900000333786010742 -1.5900000333786010742 -1.5900000333786010742 -1.5900000333786010742 -1.5900000333786010742 -1.5900000333786010742 -1.5900000333786010742 -1.5900000333786010742 -1.5900000333786010742 -1.5299999713897705078 -1.5299999713897705078 -1.5299999713897705078 -1.5299999713897705078 -1.5299999713897705078 -1.5299999713897705078 -1.5299999713897705078 -1.5299999713897705078 -1.5299999713897705078 -1.5499999523162841797
-9999 -9999 -9999 -9999 -9999 6.0100002288818359375 6.0100002288818359375 -1.4500000476837158203 -1.4500000476837158203 -1.5199999809265136719 -1.5199999809265136719 -1.5199999809265136719 -1.5199999809265136719 -1.5199999809265136719 -1.5399999618530273438 -1.5399999618530273438 -1.5399999618530273438 -1.5399999618530273438 -1.5499999523162841797 -1.5499999523162841797 -1.5499999523162841797 -1.5499999523162841797 -1.5499999523162841797 -1.5499999523162841797 -1.5499999523162841797 -1.5499999523162841797 -1.5499999523162841797 -1.5499999523162841797 -1.6900000572204589844 -1.6900000572204589844 -1.6900000572204589844 -1.6900000572204589844 -1.6900000572204589844 -1.6900000572204589844 -1.6900000572204589844 -1.6900000572204589844 -1.6900000572204589844 -1.8200000524520874023 -1.8200000524520874023 -1.8200000524520874023 -1.8200000524520874023 -1.8200000524520874023 -1.8200000524520874023 -1.8200000524520874023 -1.8200000524520874023 -1.8200000524520874023 -1.5900000333786010742
-9999 -9999 -9999 -9999 -9999 -9999 -9999 5.8099999427795410156 5.8099999427795410156 -1.4500000476837158203 -1.4500000476837158203 -1.4500000476837158203 -1.4600000381469726562 -1.4600000381469726562 -1.5399999618530273438 -1.5399999618530273438 -1.5399999618530273438 -1.5399999618530273438 -1.5499999523162841797 -1.5499999523162841797 -1.5499999523162841797 -1.5499999523162841797 -1.5499999523162841797 -1.5499999523162841797 -1.5499999523162841797 -1.5499999523162841797 -1.5499999523162841797 -1.5499999523162841797 -1.6900000572204589844 -1.6900000572204589844 -1.6900000572204589844 -1.6900000572204589844 -1.6900000572204589844 -1.6900000572204589844 -1.6900000572204589844 -1.6900000572204589844 -1.6900000572204589844 -1.8200000524520874023 -1.8200000524520874023 -1.8200000524520874023 -1.8200000524520874023 -1.8200000524520874023 -1.8200000524520874023 -1.8200000524520874023 -1.8200000524520874023 -1.8200000524520874023 -1.5900000333786010742
-9999 -9999 -9999 -9999 -9999 -9999 -9999 5.8099999427795410156 5.8099999427795410156 -1.4500000476837158203 -1.4500000476837158203 -1.4500000476837158203 -1.4600000381469726562 -1.4600000381469726562 -1.5399999618530273438 -1.5399999618530273438 -1.5399999618530273438 -1.5399999618530273438 -1.5399999618530273438 -1.5499999523162841797 -1.5499999523162841797 -1.5499999523162841797 -1.5499999523162841797 -1.5499999523162841797 -1.5499999523162841797 -1.5499999523162841797 -1.5499999523162841797 -1.5499999523162841797 -1.6900000572204589844 -1.6900000572204589844 -1.6900000572204589844 -1.6900000572204589844 -1.6900000572204589844 -1.6900000572204589844 -1.6900000572204589844 -1.6900000572204589844 -1.6900000572204589844 -1.8200000524520874023 -1.8200000524520874023 -1.8200000524520874023 -1.8200000524520874023 -1.8200000524520874023 -1.8200000524520874023 -1.8200000524520874023 -1.8200000524520874023 -1.8200000524520874023 -1.5900000333786010742
-9999 -9999 -9999 -9999 -9999 -9999 -9999 -9999 -9999 -0.46999999880790710449 -0.46999999880790710449 -0.46999999880790710449 -1.4500000476837158203 -1.4500000476837158203 -1.4900000095367431641 -1.4900000095367431641 -1.4900000095367431641 -1.4900000095367431641 -1.4900000095367431641 -1.5499999523162841797 -1.5499999523162841797 -1.5499999523162841797 -1.5499999523162841797 -1.5499999523162841797 -1.5499999523162841797 -1.5499999523162841797 -1.5499999523162841797 -1.5499999523162841797 -1.6900000572204589844 -1.6900000572204589844 -1.6900000572204589844 -1.6900000572204589844 -1.6900000572204589844 -1.6900000572204589844 -1.6900000572204589844 -1.6900000572204589844 -1.6900000572204589844 -1.8200000524520874023 -1.8200000524520874023 -1.8200000524520874023 -1.8200000524520874023 -1.8200000524520874023 -1.8200000524520874023 -1.8200000524520874023 -1.8200000524520874023 -1.8200000524520874023 -1.5900000333786010742
-9999 -9999 -9999 -9999 -9999 -9999 -9999 -9999 -9999 5.9899997711181640625 5.9899997711181640625 5.9899997711181640625 -1.4500000476837158203 -1.4500000476837158203 -1.4900000095367431641 -1.4900000095367431641 -1.4900000095367431641 -1.4900000095367431641 -1.4900000095367431641 -1.5499999523162841797 -1.5499999523162841797 -1.5499999523162841797 -1.5499999523162841797 -1.5499999523162841797 -1.5499999523162841797 -1.5499999523162841797 -1.5499999523162841797 -1.5499999523162841797 -1.6900000572204589844 -1.6900000572204589844 -1.6900000572204589844 -1.6900000572204589844 -1.6900000572204589844 -1.6900000572204589844 -1.6900000572204589844 -1.6900000572204589844 -1.6900000572204589844 -1.8200000524520874023 -1.8200000524520874023 -1.8200000524520874023 -1.8200000524520874023 -1.8200000524520874023 -1.8200000524520874023 -1.8200000524520874023 -1.8200000524520874023 -1.8200000524520874023 -1.5900000333786010742
-9999 -9999 -9999 -9999 -9999 -9999 -9999 -9999 -9999 -9999 -9999 -9999 5.8699998855590820312 5.8699998855590820312 -0.60000002384185791016 -0.60000002384185791016 -1.4500000476837158203 -1.4500000476837158203 -1.4500000476837158203 -1.4900000095367431641 -1.4900000095367431641 -1.4900000095367431641 -1.4900000095367431641 -1.4900000095367431641 -1.4900000095367431641 -1.4900000095367431641 -1.4900000095367431641 -1.4900000095367431641 -1.6000000238418579102 -1.6000000238418579102 -1.6000000238418579102 -1.6000000238418579102 -1.5599999427795410156 -1.5599999427795410156 -1.5599999427795410156 -1.5599999427795410156 -1.5599999427795410156 -1.5499999523162841797 -1.5499999523162841797 -1.5499999523162841797 -1.5499999523162841797 -1.5499999523162841797 -1.5299999713897705078 -1.5299999713897705078 -1.5299999713897705078 -1.5299999713897705078 -1.5299999713897705078
-9999 -9999 -9999 -9999 -9999 -9999 -9999 -9999 -9999 -9999 -9999 -9999 5.8699998855590820312 5.8699998855590820312 -0.60000002384185791016 -0.60000002384185791016 -1.4500000476837158203 -1.4500000476837158203 -1.4500000476837158203 -1.4900000095367431641 -1.4900000095367431641 -1.4900000095367431641 -1.4900000095367431641 -1.4900000095367431641 -1.4900000095367431641 -1.4900000095367431641 -1.4900000095367431641 -1.4900000095367431641 -1.6000000238418579102 -1.6000000238418579102 -1.6000000238418579102 -1.6000000238418579102 -1.5599999427795410156 -1.5599999427795410156 -1.5599999427795410156 -1.5599999427795410156 -1.5599999427795410156 -1.5499999523162841797 -1.5499999523162841797 -1.5499999523162841797 -1.5499999523162841797 -1.5499999523162841797 -1.5299999713897705078 -1.5299999713897705078 -1.5299999713897705078 -1.5299999713897705078 -1.5299999713897705078
-9999 -9999 -9999 -9999 -9999 -9999 -9999 -9999 -9999 -9999 -9999 -9999 5.9800000190734863281 5.9800000190734863281 -0.31000000238418579102 -0.31000000238418579102 -1.4500000476837158203 -1.4500000476837158203 -1.4500000476837158203 -1.4900000095367431641 -1.4900000095367431641 -1.4900000095367431641 -1.4900000095367431641 -1.4900000095367431641 -1.4900000095367431641 -1.4900000095367431641 -1.4900000095367431641 -1.4900000095367431641 -1.6000000238418579102 -1.6000000238418579102 -1.6000000238418579102 -1.6000000238418579102 -1.5599999427795410156 -1.5599999427795410156 -1.5599999427795410156 -1.5599999427795410156 -1.5599999427795410156 -1.5499999523162841797 -1.5499999523162841797 -1.5499999523162841797 -1.5499999523162841797 -1.5499999523162841797 -1.5299999713897705078 -1.5299999713897705078 -1.5299999713897705078 -1.5299999713897705078 -1.5299999713897705078
