data/demo/waterlevel_60min_40x40m.asc
ncols        561
nrows        278
xllcorner    4.817258165162
yllcorner    52.370746892638
cellsize     0.000511251697
NODATA_value  -9999
[rows 105 to 125 of 278, columns 282 to 328 of 561]
-0.5 -0.5 -0.5 -0.5 -0.5 -9999 -9999 -9999 -9999 -9999 -9999 -9999 -9999 -9999 -9999 -9999 -9999 -9999 -9999 -9999 -9999 -9999 -9999 -0.5 -0.5 -0.5 -0.5 -0.5 -1.7999999523162841797 -1.7999999523162841797 -2.25 -2.25 -2.3499999046325683594 -2.3499999046325683594 -2.3499999046325683594 -2.3499999046325683594 -2.3499999046325683594 -2.3499999046325683594 -2.3499999046325683594 -2.3499999046325683594 -2.3499999046325683594 -2.3499999046325683594 -2.3499999046325683594 -2.3499999046325683594 -2.3499999046325683594 -2.3499999046325683594 -2.3499999046325683594
-1.5599999427795410156 -1.5599999427795410156 -1.5599999427795410156 -1.5599999427795410156 -1.5599999427795410156 -0.87999999523162841797 -0.87999999523162841797 -0.5 -0.5 -0.55000001192092895508 -0.55000001192092895508 -0.55000001192092895508 -0.55000001192092895508 -0.55000001192092895508 -0.5 -0.5 -0.5 -0.5 -0.5 -9999 -9999 -0.5 -0.5 -0.52999997138977050781 -0.52999997138977050781 -0.52999997138977050781 -2.25 -2.25 -2.0999999046325683594 -2.0999999046325683594 -2.25 -2.25 -2.3499999046325683594 -2.3499999046325683594 -2.3499999046325683594 -2.3499999046325683594 -2.3499999046325683594 -2.3499999046325683594 -2.3499999046325683594 -2.3499999046325683594 -2.3499999046325683594 -2.3499999046325683594 -2.3499999046325683594 -2.3499999046325683594 -2.3499999046325683594 -2.3499999046325683594 -2.3499999046325683594
-1.9800000190734863281 -1.9800000190734863281 -1.9800000190734863281 -1.9700000286102294922 -1.9700000286102294922 -1.5599999427795410156 -1.5599999427795410156 -0.88999998569488525391 -0.88999998569488525391 -0.55000001192092895508 -0.55000001192092895508 -0.55000001192092895508 -0.55000001192092895508 -0.55000001192092895508 -0.5 -0.5 -0.5 -0.5 -0.5 -1.6799999475479125977 -1.6799999475479125977 -1.7999999523162841797 -1.7999999523162841797 -2.25 -2.25 -2.25 -2.25 -2.25 -1.9400000572204589844 -1.9400000572204589844 -2.25 -2.25 -2.3499999046325683594 -2.3499999046325683594 -2.3499999046325683594 -2.3499999046325683594 -2.3499999046325683594 -2.3499999046325683594 -2.3499999046325683594 -2.3499999046325683594 -2.3499999046325683594 -2.3499999046325683594 -2.3499999046325683594 -2.3499999046325683594 -2.3499999046325683594 -2.3499999046325683594 -2.3499999046325683594
-1.9700000286102294922 -1.9700000286102294922 -1.9700000286102294922 -1.9700000286102294922 -1.9700000286102294922 -2.2300000190734863281 -2.2300000190734863281 -2.2300000190734863281 -2.2300000190734863281 -1.8300000429153442383 -1.8300000429153442383 -1.8300000429153442383 -1.7999999523162841797 -1.7999999523162841797 -2.25 -2.25 -1.9500000476837158203 -1.9500000476837158203 -1.9500000476837158203 -2.25 -2.25 -1.8500000238418579102 -1.8500000238418579102 -2.25 -2.25 -2.25 -2.25 -2.25 -2.25 -2.25 -2.25 -2.25 -2.3499999046325683594 -2.3499999046325683594 -2.3499999046325683594 -2.3499999046325683594 -2.3499999046325683594 -2.3499999046325683594 -2.3499999046325683594 -2.3499999046325683594 -2.3499999046325683594 -2.3499999046325683594 -2.3499999046325683594 -2.3499999046325683594 -2.3499999046325683594 -2.3499999046325683594 -2.3499999046325683594
-1.9700000286102294922 -1.9700000286102294922 -1.9700000286102294922 -1.9700000286102294922 -1.9700000286102294922 -2.2300000190734863281 -2.2300000190734863281 -2.2300000190734863281 -2.2300000190734863281 -1.8300000429153442383 -1.8300000429153442383 -1.8300000429153442383 -1.7999999523162841797 -1.7999999523162841797 -2.25 -2.25 -1.9500000476837158203 -1.9500000476837158203 -1.9500000476837158203 -2.25 -2.25 -1.8500000238418579102 -1.8500000238418579102 -2.25 -2.25 -2.25 -2.25 -2.25 -2.25 -2.25 -2.25 -2.25 -2.3499999046325683594 -2.3499999046325683594 -2.3499999046325683594 -2.3499999046325683594 -2.3499999046325683594 -2.3499999046325683594 -2.3499999046325683594 -2.3499999046325683594 -2.3499999046325683594 -2.3499999046325683594 -2.3499999046325683594 -2.3499999046325683594 -2.3499999046325683594 -2.3499999046325683594 -2.3499999046325683594
-1.9700000286102294922 -1.9700000286102294922 -1.9700000286102294922 -1.9700000286102294922 -1.9700000286102294922 -2.2300000190734863281 -2.2300000190734863281 -2.2300000190734863281 -2.2300000190734863281 -1.9500000476837158203 -1.9500000476837158203 -1.9500000476837158203 -2.25 -2.25 -2.25 -2.25 -2.25 -2.25 -2.25 -2.25 -2.25 -2.25 -2.25 -2.25 -2.25 -2.25 -2.25 -2.25 -2.25 -2.25 -2.25 -2.25 -2.3499999046325683594 -2.3499999046325683594 -2.3499999046325683594 -2.3499999046325683594 -2.3499999046325683594 -2.3499999046325683594 -2.3499999046325683594 -2.3499999046325683594 -2.3499999046325683594 -2.3499999046325683594 -2.3499999046325683594 -2.3499999046325683594 -2.3499999046325683594 -2.3499999046325683594 -2.3499999046325683594
-2.0199999809265136719 -2.0199999809265136719 -2.0199999809265136719 -2.0199999809265136719 -2.0199999809265136719 -1.870000004768371582 -1.870000004768371582 -1.870000004768371582 -1.870000004768371582 -2.25 -2.25 -2.25 -2.25 -2.25 -2.25 -2.25 -2.25 -2.25 -2.25 -2.25 -2.25 -2.25 -2.25 -2.25 -2.25 -2.25 -2.25 -2.25 -2.25 -2.25 -2.25 -2.25 -2.3499999046325683594 -2.3499999046325683594 -2.3499999046325683594 -2.3499999046325683594 -2.3499999046325683594 -2.3499999046325683594 -2.3499999046325683594 -2.3499999046325683594 -2.3499999046325683594 -2.3499999046325683594 -2.3499999046325683594 -2.3499999046325683594 -2.3499999046325683594 -2.3499999046325683594 -2.3499999046325683594
-2.0199999809265136719 -2.0199999809265136719 -2.0199999809265136719 -2.0199999809265136719 -2.0199999809265136719 -1.870000004768371582 -1.870000004768371582 -1.870000004768371582 -1.870000004768371582 -2.25 -2.25 -2.25 -2.25 -2.25 -2.25 -2.25 -2.25 -2.25 -2.25 -2.25 -2.25 -2.25 -2.25 -2.25 -2.25 -2.25 -2.25 -2.25 -2.25 -2.25 -2.25 -2.25 -2.25 -2.3499999046325683594 -2.3499999046325683594 -2.3499999046325683594 -2.3499999046325683594 -2.3499999046325683594 -2.3499999046325683594 -2.3499999046325683594 -2.3499999046325683594 -2.3499999046325683594 -2.3499999046325683594 -2.3499999046325683594 -2.3499999046325683594 -2.3499999046325683594 -2.3499999046325683594
-2.0199999809265136719 -2.0199999809265136719 -2.0199999809265136719 -2.0199999809265136719 -2.0199999809265136719 -1.870000004768371582 -1.870000004768371582 -1.870000004768371582 -1.870000004768371582 -1.6100000143051147461 -1.6100000143051147461 -1.6100000143051147461 -2.25 -2.25 -2.25 -2.25 -2.25 -2.25 -2.25 -2.25 -2.25 -2.25 -2.25 -2.25 -2.25 -2.25 -2.25 -2.25 -2.25 -2.25 -2.25 -2.25 -2.25 -2.3499999046325683594 -2.3499999046325683594 -2.3499999046325683594 -2.3499999046325683594 -2.3499999046325683594 -2.3499999046325683594 -2.3499999046325683594 -2.3499999046325683594 -2.3499999046325683594 -2.3499999046325683594 -2.3499999046325683594 -2.3499999046325683594 -2.3499999046325683594 -2.3499999046325683594
-2 -2 -2 -2 -2 -1.9099999666213989258 -1.9099999666213989258 -1.9099999666213989258 -1.9099999666213989258 -1.9099999666213989258 -2.25 -2.25 -2.25 -2.25 -2.25 -2.25 -1.75 -1.75 -1.75 -2.25 -2.25 -2.25 -2.25 -2.25 -2.25 -2.25 -2.25 -2.25 -2.25 -2.25 -2.25 -2.25 -2.25 -2.3499999046325683594 -2.3499999046325683594 -2.3499999046325683594 -2.3499999046325683594 -2.3499999046325683594 -2.3499999046325683594 -2.3499999046325683594 -2.3499999046325683594 -2.3499999046325683594 -2.3900001049041748047 -2.3900001049041748047 -2.3900001049041748047 -2.3900001049041748047 -2.3499999046325683594
-2 -2 -2 -2 -2 -1.9099999666213989258 -1.9099999666213989258 -1.9099999666213989258 -1.9099999666213989258 -1.9099999666213989258 -1.6799999475479125977 -1.6799999475479125977 -2.25 -2.25 -2.25 -2.25 -2.25 -2.25 -2.25 -2.25 -2.25 -2.25 -2.25 -2.25 -2.25 -2.25 -2.25 -2.25 -2.25 -2.25 -2.25 -2.25 -2.25 -2.3499999046325683594 -2.3499999046325683594 -2.3499999046325683594 -2.3499999046325683594 -2.3499999046325683594 -2.3499999046325683594 -2.3499999046325683594 -2.3499999046325683594 -2.3499999046325683594 -2.3900001049041748047 -2.3900001049041748047 -2.3900001049041748047 -2.3900001049041748047 -2.3499999046325683594
-2 -2 -2 -2 -2 -1.9099999666213989258 -1.9099999666213989258 -1.9099999666213989258 -1.9099999666213989258 -1.9099999666213989258 -1.6799999475479125977 -1.6799999475479125977 -2.25 -2.25 -2.25 -2.25 -2.25 -2.25 -2.25 -2.25 -2.25 -2.25 -2.25 -2.25 -2.25 -2.25 -2.25 -2.25 -2.25 -2.25 -2.25 -2.25 -2.25 -2.3499999046325683594 -2.3499999046325683594 -2.3499999046325683594 -2.3499999046325683594 -2.3499999046325683594 -2.3499999046325683594 -2.3499999046325683594 -2.3499999046325683594 -2.3499999046325683594 -2.3900001049041748047 -2.3900001049041748047 -2.3900001049041748047 -2.3900001049041748047 -2.3499999046325683594
-2 -2 -2 -2 -2 -1.8099999427795410156 -1.8099999427795410156 -1.8099999427795410156 -1.8099999427795410156 -1.8099999427795410156 -1.5599999427795410156 -1.5599999427795410156 -1.5599999427795410156 -1.5599999427795410156 -1.5599999427795410156 -1.5599999427795410156 -2.25 -2.25 -2.25 -1.5599999427795410156 -1.5599999427795410156 -1.5599999427795410156 -1.5599999427795410156 -2.25 -2.25 -2.25 -1.6599999666213989258 -1.6599999666213989258 -2.25 -2.25 -2.25 -2.25 -2.25 -2.0799999237060546875 -2.0799999237060546875 -2.3699998855590820312 -2.3699998855590820312 -2.0899999141693115234 -2.0899999141693115234 -2.3499999046325683594 -2.3499999046325683594 -2.3499999046325683594 -2.3499999046325683594 -2.3499999046325683594 -2.3499999046325683594 -2.3499999046325683594 -2.3499999046325683594
-2 -2 -2 -2 -2 -1.8099999427795410156 -1.8099999427795410156 -1.8099999427795410156 -1.8099999427795410156 -1.8099999427795410156 -1.5599999427795410156 -1.5599999427795410156 -1.5599999427795410156 -1.5599999427795410156 -1.5599999427795410156 -1.5599999427795410156 -1.5700000524520874023 -1.5700000524520874023 -1.5700000524520874023 -1.5599999427795410156 -1.5599999427795410156 -1.5700000524520874023 -1.5700000524520874023 -1.5800000429153442383 -1.5800000429153442383 -1.5800000429153442383 -1.5800000429153442383 -1.5800000429153442383 -1.5700000524520874023 -1.5700000524520874023 -1.620000004768371582 -1.620000004768371582 -1.620000004768371582 -2.2799999713897705078 -2.2799999713897705078 -2.3499999046325683594 -2.3499999046325683594 -2.3800001144409179688 -2.3800001144409179688 -2.3499999046325683594 -2.3499999046325683594 -2.3499999046325683594 -2.3499999046325683594 -2.3499999046325683594 -2.3499999046325683594 -2.3499999046325683594 -2.3499999046325683594
-2 -2 -2 -2 -2 -1.8099999427795410156 -1.8099999427795410156 -1.8099999427795410156 -1.8099999427795410156 -1.8099999427795410156 -1.5599999427795410156 -1.5599999427795410156 -1.5599999427795410156 -1.5599999427795410156 -1.5599999427795410156 -1.5599999427795410156 -1.5700000524520874023 -1.5700000524520874023 -1.5700000524520874023 -1.5599999427795410156 -1.5599999427795410156 -1.5700000524520874023 -1.5700000524520874023 -1.5800000429153442383 -1.5800000429153442383 -1.5800000429153442383 -1.5800000429153442383 -1.5800000429153442383 -1.5700000524520874023 -1.5700000524520874023 -1.620000004768371582 -1.620000004768371582 -1.620000004768371582 -2.2799999713897705078 -2.2799999713897705078 -2.3499999046325683594 -2.3499999046325683594 -2.3800001144409179688 -2.3800001144409179688 -2.3499999046325683594 -2.3499999046325683594 -2.3499999046325683594 -2.3499999046325683594 -2.3499999046325683594 -2.3499999046325683594 -2.3499999046325683594 -2.3499999046325683594
-2.0299999713897705078 -2.0299999713897705078 -2.0299999713897705078 -2.0299999713897705078 -2.0299999713897705078 -1.8099999427795410156 -1.8099999427795410156 -1.8099999427795410156 -1.8099999427795410156 -1.8099999427795410156 -1.6100000143051147461 -1.6100000143051147461 -1.6100000143051147461 -1.6100000143051147461 -1.5900000333786010742 -1.5900000333786010742 -1.5900000333786010742 -1.5900000333786010742 -1.5900000333786010742 -1.5900000333786010742 -1.5900000333786010742 -1.5900000333786010742 -1.5900000333786010742 -1.6000000238418579102 -1.6000000238418579102 -1.6000000238418579102 -1.6000000238418579102 -1.6000000238418579102 -1.7200000286102294922 -1.7200000286102294922 -1.7200000286102294922 -1.7200000286102294922 -1.7200000286102294922 -1.6000000238418579102 -1.6000000238418579102 -1.6000000238418579102 -1.6000000238418579102 -1.5800000429153442383 -1.5800000429153442383 -1.5599999427795410156 -1.5599999427795410156 -1.5599999427795410156 -2.3499999046325683594 -2.3499999046325683594 -2.3499999046325683594 -2.3499999046325683594 -2.3499999046325683594
-2.0299999713897705078 -2.0299999713897705078 -2.0299999713897705078 -2.0299999713897705078 -2.0299999713897705078 -1.8099999427795410156 -1.8099999427795410156 -1.8099999427795410156 -1.8099999427795410156 -1.8099999427795410156 -1.6100000143051147461 -1.6100000143051147461 -1.6100000143051147461 -1.6100000143051147461 -1.5900000333786010742 -1.5900000333786010742 -1.5900000333786010742 -1.5900000333786010742 -1.5900000333786010742 -1.5900000333786010742 -1.5900000333786010742 -1.5900000333786010742 -1.5900000333786010742 -1.6000000238418579102 -1.6000000238418579102 -1.6000000238418579102 -1.6000000238418579102 -1.6000000238418579102 -1.7200000286102294922 -1.7200000286102294922 -1.7200000286102294922 -1.7200000286102294922 -1.7200000286102294922 -1.6000000238418579102 -1.6000000238418579102 -1.6000000238418579102 -1.6000000238418579102 -1.5599999427795410156 -1.5599999427795410156 -1.5599999427795410156 -1.5599999427795410156 -1.5599999427795410156 -1.5700000524520874023 -1.5700000524520874023 -1.5599999427795410156 -1.5599999427795410156 -1.5599999427795410156
-2.0299999713897705078 -2.0299999713897705078 -2.0299999713897705078 -2.0299999713897705078 -2.0299999713897705078 -1.9600000381469726562 -1.9600000381469726562 -1.9600000381469726562 -1.9600000381469726562 -1.9600000381469726562 -1.620000004768371582 -1.620000004768371582 -1.620000004768371582 -1.620000004768371582 -1.5800000429153442383 -1.5800000429153442383 -1.5800000429153442383 -1.5800000429153442383 -1.5800000429153442383 -1.6100000143051147461 -1.6100000143051147461 -1.6100000143051147461 -1.6100000143051147461 -1.75 -1.75 -1.75 -1.75 -1.75 -1.6900000572204589844 -1.6900000572204589844 -1.6900000572204589844 -1.6900000572204589844 -1.6900000572204589844 -1.6799999475479125977 -1.6799999475479125977 -1.6799999475479125977 -1.6799999475479125977 -1.6000000238418579102 -1.6000000238418579102 -1.6000000238418579102 -1.6000000238418579102 -1.6000000238418579102 -1.6100000143051147461 -1.6100000143051147461 -1.6100000143051147461 -1.6100000143051147461 -1.5599999427795410156
-2.0299999713897705078 -2.0299999713897705078 -2.0299999713897705078 -2.0299999713897705078 -2.0299999713897705078 -1.9600000381469726562 -1.9600000381469726562 -1.9600000381469726562 -1.9600000381469726562 -1.9600000381469726562 -1.620000004768371582 -1.620000004768371582 -1.620000004768371582 -1.620000004768371582 -1.5800000429153442383 -1.5800000429153442383 -1.5800000429153442383 -1.5800000429153442383 -1.5800000429153442383 -1.6100000143051147461 -1.6100000143051147461 -1.6100000143051147461 -1.6100000143051147461 -1.75 -1.75 -1.75 -1.75 -1.75 -1.6900000572204589844 -1.6900000572204589844 -1.6900000572204589844 -1.6900000572204589844 -1.6900000572204589844 -1.6799999475479125977 -1.6799999475479125977 -1.6799999475479125977 -1.6799999475479125977 -1.6000000238418579102 -1.6000000238418579102 -1.6000000238418579102 -1.6000000238418579102 -1.6000000238418579102 -1.6100000143051147461 -1.6100000143051147461 -1.6100000143051147461 -1.6100000143051147461 -1.5599999427795410156
-2.0299999713897705078 -2.0299999713897705078 -2.0299999713897705078 -2.0299999713897705078 -2.0299999713897705078 -1.9600000381469726562 -1.9600000381469726562 -1.9600000381469726562 -1.9600000381469726562 -1.9600000381469726562 -1.620000004768371582 -1.620000004768371582 -1.620000004768371582 -1.620000004768371582 -1.5800000429153442383 -1.5800000429153442383 -1.5800000429153442383 -1.5800000429153442383 -1.5800000429153442383 -1.6100000143051147461 -1.6100000143051147461 -1.6100000143051147461 -1.6100000143051147461 -1.75 -1.75 -1.75 -1.75 -1.75 -1.6900000572204589844 -1.6900000572204589844 -1.6900000572204589844 -1.6900000572204589844 -1.6900000572204589844 -1.6799999475479125977 -1.6799999475479125977 -1.6799999475479125977 -1.6799999475479125977 -1.6000000238418579102 -1.6000000238418579102 -1.6000000238418579102 -1.6000000238418579102 -1.6000000238418579102 -1.6100000143051147461 -1.6100000143051147461 -1.6100000143051147461 -1.6100000143051147461 -1.5599999427795410156
-1.9600000381469726562 -1.9600000381469726562 -1.9600000381469726562 -1.9600000381469726562 -1.9600000381469726562 -1.8300000429153442383 -1.8300000429153442383 -1.8300000429153442383 -1.8300000429153442383 -1.8300000429153442383 -1.5700000524520874023 -1.5700000524520874023 -1.5700000524520874023 -1.5700000524520874023 -1.5700000524520874023 -1.5700000524520874023 -1.5700000524520874023 -1.5700000524520874023 -1.5700000524520874023 -1.8099999427795410156 -1.8099999427795410156 -1.8099999427795410156 -1.8099999427795410156 -1.9600000381469726562 -1.9600000381469726562 -1.9600000381469726562 -1.9600000381469726562 -1.9600000381469726562 -1.7999999523162841797 -1.7999999523162841797 -1.7999999523162841797 -1.7999999523162841797 -1.7999999523162841797 -1.7200000286102294922 -1.7200000286102294922 -1.7200000286102294922 -1.7200000286102294922 -1.6100000143051147461 -1.6100000143051147461 -1.6100000143051147461 -1.6100000143051147461 -1.6100000143051147461 -1.5700000524520874023 -1.5700000524520874023 -1.6000000238418579102 -1.6000000238418579102 -1.5700000524520874023
